question_id,f0,f1,f2,f3,f4,f5,f6,f7,f8,f9,f10,f11,f12,r1,r2,s,ground_truth
425b77f5-817e-48d6-af0c-b0274b618399,5.0119667,2.51407,0.16292284,2.6933753,4.946208,2.5189984,0.16731495,2.69884,0.039382737,0.0,0.0,0.0,0.8333334,0,0.6931471805599453,9.997558,3
425b77f5-817e-48d6-af0c-b0274b618399,3.485474,1.0792795,0.15738897,1.0792795,3.4983664,1.0819057,0.16279733,1.0819057,0.0,0.0,0.0,0.0,0.6666667,1,0.4054651081081644,6.9838405,2
425b77f5-817e-48d6-af0c-b0274b618399,2.517783,0.0,0.0,0.0,2.5133483,0.0,0.0,0.0,0.0031761273,0.0,0.0,0.0,0.6666667,2,0.2876820724517809,5.0343075,0
425b77f5-817e-48d6-af0c-b0274b618399,2.4405746,0.0,0.0,0.0,2.4319215,0.0,0.0,0.0,0.0038948844,0.0,0.0,0.0,0.6666667,3,0.22314355131420976,4.876391,0
425b77f5-817e-48d6-af0c-b0274b618399,2.2676725,0.0,0.0,0.0,2.2797387,0.0,0.0,0.0,0.0038948844,0.0,0.0,0.0,0.8333334,4,0.18232155679395462,4.5513062,0
425b77f5-817e-48d6-af0c-b0274b618399,2.0088239,0.0,0.0,0.30693692,2.0089705,0.0,0.0,0.3059273,0.0,0.0,0.0,0.0,0.5,5,0.1541506798272583,4.0177946,0
425b77f5-817e-48d6-af0c-b0274b618399,1.6164924,0.0,0.0,0.0,1.6144153,0.0,0.0,0.0,0.0,0.0,0.0,0.0,0.33333334,6,0.13353139262452263,3.2309077,0
425b77f5-817e-48d6-af0c-b0274b618399,1.5111252,0.0,0.28107175,0.0,1.5163167,0.0,0.28018197,0.0,0.0,0.0,0.0,0.0,0.5,7,0.11778303565638346,3.027442,0
425b77f5-817e-48d6-af0c-b0274b618399,1.4512438,0.0,0.0,0.0,1.4479625,0.0,0.0,0.0,0.0,0.0,0.0,0.0,0.6666667,8,0.1053605156578263,2.8992062,0
425b77f5-817e-48d6-af0c-b0274b618399,1.3535508,0.0,0.0,0.0,1.3514199,0.0,0.0,0.0,0.0,0.0,0.0,0.0,0.5,9,0.09531017980432487,2.7049708,0
42bf39a4-edd4-410a-8869-73d2519989a1,4.4503217,3.7065701,0.5971392,3.8190684,4.450195,3.700482,0.59553635,3.8129277,0.0,0.0,0.0,0.0,0.8333334,0,0.6931471805599453,8.9005165,3
42bf39a4-edd4-410a-8869-73d2519989a1,3.3427525,0.0,0.0,0.0,3.3209877,0.0,0.0,0.0,0.039382737,0.0,0.0,0.0,1.0,1,0.4054651081081644,6.703123,0
42bf39a4-edd4-410a-8869-73d2519989a1,3.0328476,0.0,0.0,0.0,3.0314474,0.0,0.0,0.0,0.0,0.0,0.0,0.0,0.5,2,0.2876820724517809,6.064295,0
42bf39a4-edd4-410a-8869-73d2519989a1,2.4661186,0.0,0.0,0.0,2.471268,0.0,0.0,0.0,0.0,0.0,0.0,0.0,0.6666667,3,0.22314355131420976,4.9373865,0
42bf39a4-edd4-410a-8869-73d2519989a1,2.1349306,0.0,0.0,0.0,2.1385155,0.0,0.0,0.0,0.0,0.0,0.0,0.0,0.5,4,0.18232155679395462,4.273446,0
42bf39a4-edd4-410a-8869-73d2519989a1,2.0315397,0.0,0.0,0.0,2.0335066,0.0,0.0,0.0,0.0,0.0,0.0,0.0,0.33333334,5,0.1541506798272583,4.0650463,0
42bf39a4-edd4-410a-8869-73d2519989a1,1.7803099,0.0,0.0,0.0,1.7758904,0.0,0.0,0.0,0.0,0.0,0.0,0.0,0.5,6,0.13353139262452263,3.5562003,0
42bf39a4-edd4-410a-8869-73d2519989a1,1.5744088,0.0,0.0,0.0,1.4799616,0.0,0.0,0.0,0.03866398,0.0,0.0,0.0,0.5,7,0.11778303565638346,3.0930343,0
42bf39a4-edd4-410a-8869-73d2519989a1,1.2342578,0.0,0.0,0.0,1.2384061,0.0,0.0,0.0,0.0,0.0,0.0,0.0,0.5,8,0.1053605156578263,2.4726639,0
42bf39a4-edd4-410a-8869-73d2519989a1,1.1566907,0.0,0.0,0.0,1.1570399,0.0,0.0,0.0,0.0,0.0,0.0,0.0,0.5,9,0.09531017980432487,2.3137307,0
a490a44c-6c1f-4d18-a652-b085b0c2f2c8,4.903646,3.7065701,0.5971392,3.8190684,4.8987656,3.700482,0.59553635,3.8129277,0.0,0.0,0.0,0.0,0.8,0,0.6931471805599453,9.802412,3
a490a44c-6c1f-4d18-a652-b085b0c2f2c8,3.325249,0.0,0.0,0.0,3.3200202,0.0,0.0,0.0,0.0,0.0,0.0,0.0,0.6,1,0.4054651081081644,6.6452694,0
a490a44c-6c1f-4d18-a652-b085b0c2f2c8,2.5303607,0.0,0.0,0.0,2.5264306,0.0,0.0,0.0,0.0,0.0,0.0,0.0,0.4,2,0.2876820724517809,5.0567913,0
a490a44c-6c1f-4d18-a652-b085b0c2f2c8,2.1875994,0.0,0.0,0.0,2.1682534,0.0,0.0,0.0,0.039382737,0.0,0.0,0.0,0.8,3,0.22314355131420976,4.3952355,0
a490a44c-6c1f-4d18-a652-b085b0c2f2c8,2.1821206,0.0,0.0,0.0,2.1797695,0.0,0.0,0.0,0.0,0.0,0.0,0.0,0.2,4,0.18232155679395462,4.36189,0
a490a44c-6c1f-4d18-a652-b085b0c2f2c8,2.117447,0.0,0.0,0.0,2.1135395,0.0,0.0,0.0,0.0,0.0,0.0,0.0,0.8,5,0.1541506798272583,4.2309866,0
a490a44c-6c1f-4d18-a652-b085b0c2f2c8,1.8166332,0.0,0.0,0.0,1.8132794,0.0,0.0,0.0,0.0,0.0,0.0,0.0,0.6,6,0.13353139262452263,3.6299126,0
a490a44c-6c1f-4d18-a652-b085b0c2f2c8,1.2042284,0.0,0.0,0.0,1.2038456,0.0,0.0,0.0,0.0,0.0,0.0,0.0,0.4,7,0.11778303565638346,2.408074,0
a490a44c-6c1f-4d18-a652-b085b0c2f2c8,1.1356663,0.0,0.0,0.0,1.1347398,0.0,0.0,0.0,0.0,0.0,0.0,0.0,0.4,8,0.1053605156578263,2.270406,0
a490a44c-6c1f-4d18-a652-b085b0c2f2c8,0.84901327,0.0,0.0,0.0,0.8478008,0.0,0.0,0.0,0.0,0.0,0.0,0.0,0.4,9,0.09531017980432487,1.6968141,0
c3fa78c1-a807-439e-acaa-29d48c815588,2.961852,0.0,0.0,0.0,2.9577594,0.0,0.0,0.0,0.0,0.0,0.0,0.0,0.33333334,0,0.6931471805599453,5.9196115,3
c3fa78c1-a807-439e-acaa-29d48c815588,2.4404464,0.0,0.0,0.0,2.4329667,0.0,0.0,0.0,0.0,0.0,0.0,0.0,0.6666667,1,0.4054651081081644,4.873413,0
c3fa78c1-a807-439e-acaa-29d48c815588,2.2463536,0.0,0.0,0.0,2.2425525,0.0,0.0,0.0,0.0,0.0,0.0,0.0,0.5,2,0.2876820724517809,4.488906,0
c3fa78c1-a807-439e-acaa-29d48c815588,2.2387972,0.0,0.0,0.0,2.2352128,0.0,0.0,0.0,0.0,0.0,0.0,0.0,0.33333334,3,0.22314355131420976,4.47401,1
c3fa78c1-a807-439e-acaa-29d48c815588,2.2191656,0.0,0.0,0.0,2.2140908,0.0,0.0,0.0,0.0,0.0,0.0,0.0,0.6666667,4,0.18232155679395462,4.433256,0
c3fa78c1-a807-439e-acaa-29d48c815588,2.2128816,0.0,0.0,0.0,2.2079926,0.0,0.0,0.0,0.0,0.0,0.0,0.0,0.5,5,0.1541506798272583,4.420874,0
c3fa78c1-a807-439e-acaa-29d48c815588,2.194824,0.0,0.0,0.0,2.1889925,0.0,0.0,0.0,0.0,0.0,0.0,0.0,0.5,6,0.13353139262452263,4.3838167,0
c3fa78c1-a807-439e-acaa-29d48c815588,1.4306204,0.0,0.0,0.0,1.5783092,0.0,0.0,0.0,0.0,0.0,0.0,0.0,0.5,7,0.11778303565638346,3.0089297,0
c3fa78c1-a807-439e-acaa-29d48c815588,1.4203125,0.0,0.0,0.0,1.4170111,0.0,0.0,0.0,0.0,0.0,0.0,0.0,0.5,8,0.1053605156578263,2.8373237,0
c3fa78c1-a807-439e-acaa-29d48c815588,1.3620845,0.0,0.0,0.0,1.358382,0.0,0.0,0.0,0.0,0.0,0.0,0.0,0.33333334,9,0.09531017980432487,2.7204666,0
55f6e832-c751-4fbd-9fda-623f765247c3,1.3989131,0.0,0.0,0.0,1.3949773,0.0,0.0,0.0,0.0,0.0,0.0,0.0,1.0,0,0.6931471805599453,2.7938905,0
55f6e832-c751-4fbd-9fda-623f765247c3,1.2628515,0.0,0.0,0.0,1.25985,0.0,0.0,0.0,0.0,0.0,0.0,0.0,1.0,1,0.4054651081081644,2.5227015,0
55f6e832-c751-4fbd-9fda-623f765247c3,1.1623302,0.0,0.0,0.0,1.1604517,0.0,0.0,0.0,0.0,0.0,0.0,0.0,0.5,2,0.2876820724517809,2.3227818,1
55f6e832-c751-4fbd-9fda-623f765247c3,1.1030924,0.0,0.0,0.0,1.098696,0.0,0.0,0.0,0.0,0.0,0.0,0.0,1.0,3,0.22314355131420976,2.2017884,0
55f6e832-c751-4fbd-9fda-623f765247c3,0.97246164,0.0,0.0,0.0,0.97085613,0.0,0.0,0.0,0.0,0.0,0.0,0.0,0.5,4,0.18232155679395462,1.9433178,3
55f6e832-c751-4fbd-9fda-623f765247c3,0.7803886,0.0,0.0,0.0,0.77818185,0.0,0.0,0.0,0.0,0.0,0.0,0.0,1.0,5,0.1541506798272583,1.5585704,2
55f6e832-c751-4fbd-9fda-623f765247c3,0.77396727,0.0,0.0,0.0,0.77071893,0.0,0.0,0.0,0.0,0.0,0.0,0.0,1.0,6,0.13353139262452263,1.5446862,0
55f6e832-c751-4fbd-9fda-623f765247c3,0.5060228,0.0,0.0,0.0,0.5048045,0.0,0.0,0.0,0.0,0.0,0.0,0.0,0.5,7,0.11778303565638346,1.0108273,0
55f6e832-c751-4fbd-9fda-623f765247c3,0.50134206,0.0,0.0,0.0,0.49973658,0.0,0.0,0.0,0.0,0.0,0.0,0.0,0.5,8,0.1053605156578263,1.0010786,0
55f6e832-c751-4fbd-9fda-623f765247c3,0.4555918,0.0,0.0,0.0,0.4543735,0.0,0.0,0.0,0.0,0.0,0.0,0.0,0.5,9,0.09531017980432487,0.9099653,0
2962eaad-c986-4a60-a219-8738a135a9ec,2.0253592,0.0,0.0,0.0,2.0208333,0.0,0.0,0.0,0.0,0.0,0.0,0.0,1.0,0,0.6931471805599453,4.046192,0
2962eaad-c986-4a60-a219-8738a135a9ec,1.8654418,0.0,0.0,0.0,1.862028,0.0,0.0,0.0,0.0,0.0,0.0,0.0,1.0,1,0.4054651081081644,3.72747,0
2962eaad-c986-4a60-a219-8738a135a9ec,1.1211154,0.0,0.0,0.0,1.1190246,0.0,0.0,0.0,0.0,0.0,0.0,0.0,0.33333334,2,0.2876820724517809,2.24014,0
2962eaad-c986-4a60-a219-8738a135a9ec,1.0997635,0.0,0.0,0.0,1.096248,0.0,0.0,0.0,0.0,0.0,0.0,0.0,0.6666667,3,0.22314355131420976,2.1960115,0
2962eaad-c986-4a60-a219-8738a135a9ec,1.089719,0.0,0.0,0.0,1.087642,0.0,0.0,0.0,0.0,0.0,0.0,0.0,0.33333334,4,0.18232155679395462,2.177361,0
2962eaad-c986-4a60-a219-8738a135a9ec,1.085514,0.0,0.0,0.0,1.083748,0.0,0.0,0.0,0.0,0.0,0.0,0.0,0.33333334,5,0.1541506798272583,2.169262,1
2962eaad-c986-4a60-a219-8738a135a9ec,1.059027,0.0,0.0,0.0,1.0570843,0.0,0.0,0.0,0.0,0.0,0.0,0.0,0.6666667,6,0.13353139262452263,2.1161113,0
2962eaad-c986-4a60-a219-8738a135a9ec,1.0476274,0.0,0.0,0.0,1.0439705,0.0,0.0,0.0,0.0,0.0,0.0,0.0,1.0,7,0.11778303565638346,2.091598,0
2962eaad-c986-4a60-a219-8738a135a9ec,0.94334865,0.0,0.16811943,0.0,0.9412205,0.0,0.1675684,0.0,0.0,0.0,0.0,0.0,0.6666667,8,0.1053605156578263,1.8845692,0
2962eaad-c986-4a60-a219-8738a135a9ec,0.91864467,0.0,0.0,0.0,0.9157833,0.0,0.0,0.0,0.0,0.0,0.0,0.0,0.6666667,9,0.09531017980432487,1.834428,0
9a33976a-eef1-43d3-9f38-66e9b5c43d56,4.1251225,1.6249012,0.07353729,1.801239,4.1326747,1.6215554,0.07278095,1.7977507,0.0,0.0,0.0,0.0,0.5,0,0.6931471805599453,8.257797,3
9a33976a-eef1-43d3-9f38-66e9b5c43d56,3.0516376,0.0,0.0,0.0,3.0474215,0.0,0.0,0.0,0.0,0.0,0.0,0.0,0.33333334,1,0.4054651081081644,6.099059,0
9a33976a-eef1-43d3-9f38-66e9b5c43d56,2.4706342,0.0,0.0,0.0,2.478237,0.0,0.0,0.0,0.0,0.0,0.0,0.0,1.0,2,0.2876820724517809,4.948871,0
9a33976a-eef1-43d3-9f38-66e9b5c43d56,1.665226,0.0,0.0,0.0,1.661684,0.0,0.0,0.0,0.0,0.0,0.0,0.0,0.33333334,3,0.22314355131420976,3.32691,0
9a33976a-eef1-43d3-9f38-66e9b5c43d56,1.481401,0.0,0.0,0.0,1.488991,0.0,0.0,0.0,0.0,0.0,0.0,0.0,0.33333334,4,0.18232155679395462,2.970392,0
9a33976a-eef1-43d3-9f38-66e9b5c43d56,1.4322009,0.0,0.0,0.0,1.4278069,0.0,0.0,0.0,0.0,0.0,0.0,0.0,0.5,5,0.1541506798272583,2.8600078,0
9a33976a-eef1-43d3-9f38-66e9b5c43d56,1.3178664,0.0,0.0,0.0,1.3159238,0.0,0.0,0.0,0.0,0.0,0.0,0.0,0.16666667,6,0.13353139262452263,2.6337903,0
9a33976a-eef1-43d3-9f38-66e9b5c43d56,1.2628016,0.0,0.0,0.0,1.2752087,0.0,0.0,0.0,0.0,0.0,0.0,0.0,0.5,7,0.11778303565638346,2.5380104,0
9a33976a-eef1-43d3-9f38-66e9b5c43d56,1.2512692,0.0,0.0,0.0,1.2492918,0.0,0.0,0.0,0.0,0.0,0.0,0.0,0.16666667,8,0.1053605156578263,2.500561,0
9a33976a-eef1-43d3-9f38-66e9b5c43d56,1.2512692,0.0,0.0,0.0,1.2492918,0.0,0.0,0.0,0.0,0.0,0.0,0.0,0.16666667,9,0.09531017980432487,2.500561,0
bede9220-9b12-4c1e-9ce6-6bc4aa441e29,4.310239,1.9773214,0.0,1.9773214,4.3056755,1.9736975,0.0,1.9736975,0.0,0.0,0.0,0.0,0.4,0,0.6931471805599453,8.615914,3
bede9220-9b12-4c1e-9ce6-6bc4aa441e29,2.470335,0.0,0.0,0.0,2.4657118,0.0,0.0,0.0,0.0,0.0,0.0,0.0,0.8,1,0.4054651081081644,4.9360466,2
bede9220-9b12-4c1e-9ce6-6bc4aa441e29,1.4232225,0.0,0.0,0.0,1.4716275,0.0,0.0,0.0,0.0,0.0,0.0,0.0,0.2,2,0.2876820724517809,2.89485,1
bede9220-9b12-4c1e-9ce6-6bc4aa441e29,1.2904847,0.0,0.0,0.0,1.2863516,0.0,0.0,0.0,0.0,0.0,0.0,0.0,0.8,3,0.22314355131420976,2.576836,0
bede9220-9b12-4c1e-9ce6-6bc4aa441e29,1.2593337,0.0,0.0,0.0,1.2572416,0.0,0.0,0.0,0.0,0.0,0.0,0.0,0.2,4,0.18232155679395462,2.5165753,0
bede9220-9b12-4c1e-9ce6-6bc4aa441e29,1.2527361,0.0,0.0,0.04757192,1.2499225,0.0,0.0,0.04700968,0.0,0.0,0.0,0.0,0.4,5,0.1541506798272583,2.5026586,0
bede9220-9b12-4c1e-9ce6-6bc4aa441e29,1.2003154,0.0,0.0,0.0,1.1960363,0.0,0.0,0.0,0.0,0.0,0.0,0.0,0.6,6,0.13353139262452263,2.3963518,0
bede9220-9b12-4c1e-9ce6-6bc4aa441e29,1.1584338,0.0,0.0,0.0,1.1531246,0.0,0.0,0.0,0.0,0.0,0.0,0.0,0.6,7,0.11778303565638346,2.3115582,0
bede9220-9b12-4c1e-9ce6-6bc4aa441e29,0.9409407,0.0,0.0,0.0,0.9390094,0.0,0.0,0.0,0.0,0.0,0.0,0.0,0.2,8,0.1053605156578263,1.87995,0
bede9220-9b12-4c1e-9ce6-6bc4aa441e29,0.91333,0.0,0.0,0.0,0.90901786,0.0,0.0,0.0,0.0,0.0,0.0,0.0,0.4,9,0.09531017980432487,1.8223479,0
cca05829-5bd3-400e-bf3b-459508a73b88,4.9651933,2.0050414,0.2502221,2.0910757,4.7115283,1.5692304,0.0,1.5692304,0.082496606,0.04692742,0.01892253,0.04692742,1.0,0,0.6931471805599453,9.759218,3
cca05829-5bd3-400e-bf3b-459508a73b88,2.8579364,1.9043565,0.0,1.9043565,2.7200487,1.690623,0.0,1.690623,0.04527014,0.021501612,0.0,0.021501612,0.5,1,0.4054651081081644,5.6232553,1
cca05829-5bd3-400e-bf3b-459508a73b88,2.0134642,0.0,0.0,0.0,2.0472822,0.0,0.0,0.0,0.0,0.0,0.0,0.0,0.75,2,0.2876820724517809,4.060746,0
cca05829-5bd3-400e-bf3b-459508a73b88,1.771553,0.19338024,0.0,0.19338024,1.8286216,0.2292879,0.0,0.2292879,0.0,0.0,0.0,0.0,1.0,3,0.22314355131420976,3.6001747,0
cca05829-5bd3-400e-bf3b-459508a73b88,1.373157,0.0,0.0,0.0,1.4096891,0.0,0.0,0.0,0.0,0.0,0.0,0.0,0.5,4,0.18232155679395462,2.782846,0
cca05829-5bd3-400e-bf3b-459508a73b88,1.3063855,0.0,0.0,0.0,1.336006,0.0,0.0,0.0,0.0,0.0,0.0,0.0,0.75,5,0.1541506798272583,2.6423917,0
cca05829-5bd3-400e-bf3b-459508a73b88,1.2135658,0.0,0.0,0.0,1.2294344,0.0,0.0,0.0,0.0,0.0,0.0,0.0,0.5,6,0.13353139262452263,2.4430003,0
cca05829-5bd3-400e-bf3b-459508a73b88,1.2318922,0.0,0.0,0.0,1.1454473,0.0,0.0,0.0,0.019258479,0.0,0.0,0.0,0.25,7,0.11778303565638346,2.3965979,0
cca05829-5bd3-400e-bf3b-459508a73b88,1.126304,0.0,0.0,0.0,1.1449744,0.0,0.0,0.0,0.0,0.0,0.0,0.0,0.25,8,0.1053605156578263,2.2712784,0
cca05829-5bd3-400e-bf3b-459508a73b88,1.0353656,0.0,0.0,0.0,1.0516207,0.0,0.0,0.0,0.0,0.0,0.0,0.0,0.25,9,0.09531017980432487,2.0869863,0
44e8f4fd-a935-4f33-9060-c5e58f11eb2f,4.008616,1.2655689,0.0,1.8587966,4.0724564,1.331173,0.0,1.9238179,0.0,0.0,0.0,0.0,0.6666667,0,0.6931471805599453,8.081072,3
44e8f4fd-a935-4f33-9060-c5e58f11eb2f,2.1025956,0.0,0.0,0.0,2.099172,0.0,0.0,0.0,0.0,0.0,0.0,0.0,0.6666667,1,0.4054651081081644,4.201768,0
44e8f4fd-a935-4f33-9060-c5e58f11eb2f,1.6151322,0.0,0.0,0.0,1.6114407,0.0,0.0,0.0,0.0,0.0,0.0,0.0,0.6666667,2,0.2876820724517809,3.226573,0
44e8f4fd-a935-4f33-9060-c5e58f11eb2f,1.5252712,0.0,0.0,0.0,1.5219622,0.0,0.0,0.0,0.0,0.0,0.0,0.0,0.6666667,3,0.22314355131420976,3.0472333,0
44e8f4fd-a935-4f33-9060-c5e58f11eb2f,1.2503327,0.0,0.0,0.0,1.2465942,0.0,0.0,0.0,0.0,0.0,0.0,0.0,1.0,4,0.18232155679395462,2.4969268,0
44e8f4fd-a935-4f33-9060-c5e58f11eb2f,1.0973804,0.0,0.0,0.0,1.0954933,0.0,0.0,0.0,0.0,0.0,0.0,0.0,0.33333334,5,0.1541506798272583,2.1928737,0
44e8f4fd-a935-4f33-9060-c5e58f11eb2f,1.059027,0.0,0.0,0.0,1.0570843,0.0,0.0,0.0,0.0,0.0,0.0,0.0,0.33333334,6,0.13353139262452263,2.1161113,0
44e8f4fd-a935-4f33-9060-c5e58f11eb2f,0.75867474,0.0,0.0,0.0,0.78065306,0.0,0.0,0.0,0.0,0.0,0.0,0.0,0.33333334,7,0.11778303565638346,1.5393279,0
44e8f4fd-a935-4f33-9060-c5e58f11eb2f,0.7422646,0.0,0.0,0.0,0.7400701,0.0,0.0,0.0,0.0,0.0,0.0,0.0,0.33333334,8,0.1053605156578263,1.4823347,0
44e8f4fd-a935-4f33-9060-c5e58f11eb2f,0.7169658,0.0,0.0,0.0,0.7155365,0.0,0.0,0.0,0.0,0.0,0.0,0.0,0.33333334,9,0.09531017980432487,1.4325023,0
c050a95b-7527-4d18-bc5c-2489bc58a395,2.7649055,0.0,0.0,0.0,2.7676978,0.0,0.0,0.0,0.0,0.0,0.0,0.0,0.6,0,0.6931471805599453,5.5326033,0
c050a95b-7527-4d18-bc5c-2489bc58a395,2.7430124,0.0,0.0,0.0,2.6995623,0.0,0.0,0.0,0.039382737,0.0,0.0,0.0,0.6,1,0.4054651081081644,5.4819574,3
c050a95b-7527-4d18-bc5c-2489bc58a395,2.599663,0.0,0.0,0.0,2.5585303,0.0,0.0,0.0,0.040162105,0.0,0.0,0.0,0.6,2,0.2876820724517809,5.1983557,1
c050a95b-7527-4d18-bc5c-2489bc58a395,1.9049535,0.0,0.0,0.0,1.9276704,0.0,0.0,0.0,0.0,0.0,0.0,0.0,0.4,3,0.22314355131420976,3.832624,0
c050a95b-7527-4d18-bc5c-2489bc58a395,1.8137143,0.0,0.0,0.0,1.8638201,0.0,0.0,0.0,0.0,0.0,0.0,0.0,0.6,4,0.18232155679395462,3.6775343,0
c050a95b-7527-4d18-bc5c-2489bc58a395,1.5939839,0.0,0.0,0.0,1.6132805,0.0,0.0,0.0,0.0,0.0,0.0,0.0,0.4,5,0.1541506798272583,3.2072644,0
c050a95b-7527-4d18-bc5c-2489bc58a395,1.2981212,0.0,0.0,0.0,1.3476441,0.0,0.0,0.0,0.0,0.0,0.0,0.0,0.4,6,0.13353139262452263,2.6457653,0
c050a95b-7527-4d18-bc5c-2489bc58a395,1.1113362,0.0,0.0,0.0,1.114714,0.0,0.0,0.0,0.0,0.0,0.0,0.0,0.4,7,0.11778303565638346,2.2260504,0
c050a95b-7527-4d18-bc5c-2489bc58a395,1.0850713,0.0,0.0,0.0,1.0812992,0.0,0.0,0.0,0.0,0.0,0.0,0.0,0.6,8,0.1053605156578263,2.1663704,0
c050a95b-7527-4d18-bc5c-2489bc58a395,1.0740788,0.0,0.0,0.0,0.94291604,0.0,0.0,0.0,0.03866398,0.0,0.0,0.0,0.4,9,0.09531017980432487,2.0556588,0
0620a61d-1656-47b0-b794-14b33b3389db,2.1335754,0.0,0.0,0.0,2.1305952,0.0,0.0,0.0,0.026011663,0.0,0.0,0.0,1.0,0,0.6931471805599453,4.290182,2
0620a61d-1656-47b0-b794-14b33b3389db,2.0354478,0.0,0.0,0.0,1.8749267,0.0,0.0,0.0,0.045016233,0.0,0.0031761273,0.0,0.6666667,1,0.4054651081081644,3.9553907,0
0620a61d-1656-47b0-b794-14b33b3389db,1.9641819,0.0,0.64981073,0.0,1.9792811,0.0,0.6497734,0.0,0.0077897687,0.0,0.0038948844,0.0,1.0,2,0.2876820724517809,3.9512527,2
0620a61d-1656-47b0-b794-14b33b3389db,1.7031368,0.0,0.893343,0.0,1.7238095,0.0,0.90382385,0.0,0.0,0.0,0.0,0.0,0.33333334,3,0.22314355131420976,3.4269462,0
0620a61d-1656-47b0-b794-14b33b3389db,1.5494614,0.0,0.0,0.0,1.5311594,0.0,0.0,0.0,0.02679103,0.0,0.0,0.0,0.6666667,4,0.18232155679395462,3.1074119,0
0620a61d-1656-47b0-b794-14b33b3389db,1.5264162,0.0,0.332475,0.0,1.5546753,0.0,0.3373146,0.0,0.0077897687,0.0,0.0038948844,0.0,1.0,5,0.1541506798272583,3.0888813,0
0620a61d-1656-47b0-b794-14b33b3389db,1.1833619,0.0,0.0,0.0,1.1955237,0.0,0.0,0.0,0.0,0.0,0.0,0.0,0.8333334,6,0.13353139262452263,2.3788857,0
0620a61d-1656-47b0-b794-14b33b3389db,1.1073475,0.0,0.21038213,0.0,1.1274754,0.0,0.22043267,0.0,0.0,0.0,0.0,0.0,0.6666667,7,0.11778303565638346,2.2348228,0
0620a61d-1656-47b0-b794-14b33b3389db,1.0530233,0.0,0.0,0.0,1.0690448,0.0,0.0,0.0,0.0,0.0,0.0,0.0,0.6666667,8,0.1053605156578263,2.1220682,0
0620a61d-1656-47b0-b794-14b33b3389db,0.9912361,0.0,0.066331,0.0,0.9944555,0.0,0.069643125,0.0,0.0,0.0,0.0,0.0,0.8333334,9,0.09531017980432487,1.9856915,0
2f897ba7-78da-4681-99e1-ea8de2dd50ed,4.634336,2.0037632,0.0,2.5101495,4.540408,2.0257895,0.0,2.533664,0.03866398,0.0,0.0,0.0,0.6666667,0,0.6931471805599453,9.213408,3
2f897ba7-78da-4681-99e1-ea8de2dd50ed,1.8555492,0.0,0.0,0.0,1.8521436,0.0,0.0,0.0,0.0,0.0,0.0,0.0,0.6666667,1,0.4054651081081644,3.7076929,0
2f897ba7-78da-4681-99e1-ea8de2dd50ed,1.4804538,0.0,0.0,0.0,1.4936688,0.0,0.0,0.0,0.0,0.0,0.0,0.0,0.6666667,2,0.2876820724517809,2.9741225,0
2f897ba7-78da-4681-99e1-ea8de2dd50ed,1.2748033,0.0,0.0,0.0,1.2885982,0.0,0.0,0.0,0.0,0.0,0.0,0.0,0.33333334,3,0.22314355131420976,2.5634015,0
2f897ba7-78da-4681-99e1-ea8de2dd50ed,1.0534253,0.0,0.0,0.0,1.0655507,0.0,0.0,0.0,0.0,0.0,0.0,0.0,0.33333334,4,0.18232155679395462,2.118976,0
2f897ba7-78da-4681-99e1-ea8de2dd50ed,0.8030325,0.0,0.0,0.0,0.8007547,0.0,0.0,0.0,0.0,0.0,0.0,0.0,0.6666667,5,0.1541506798272583,1.6037872,0
2f897ba7-78da-4681-99e1-ea8de2dd50ed,0.7715657,0.0,0.0,0.0,0.76992285,0.0,0.0,0.0,0.0,0.0,0.0,0.0,0.33333334,6,0.13353139262452263,1.5414885,0
2f897ba7-78da-4681-99e1-ea8de2dd50ed,0.74638444,0.0,0.0,0.0,0.7585098,0.0,0.0,0.0,0.0,0.0,0.0,0.0,0.33333334,7,0.11778303565638346,1.5048943,0
2f897ba7-78da-4681-99e1-ea8de2dd50ed,0.53192323,0.0,0.0,0.0,0.54137874,0.0,0.0,0.0,0.0,0.0,0.0,0.0,0.33333334,8,0.1053605156578263,1.073302,0
2f897ba7-78da-4681-99e1-ea8de2dd50ed,0.5060228,0.0,0.0,0.0,0.5048045,0.0,0.0,0.0,0.0,0.0,0.0,0.0,0.33333334,9,0.09531017980432487,1.0108273,0
569d1d4e-075d-4bdc-9f91-4d0d05788f95,4.230381,0.0,0.65656495,0.0,4.2245,0.0,0.6550292,0.0,0.0,0.0,0.0,0.0,0.42857146,0,0.6931471805599453,8.454882,3
569d1d4e-075d-4bdc-9f91-4d0d05788f95,3.3200467,0.0,0.0,0.0,3.311806,0.0,0.0,0.0,0.0,0.0,0.0,0.0,0.71428573,1,0.4054651081081644,6.6318526,0
569d1d4e-075d-4bdc-9f91-4d0d05788f95,2.897928,0.0,0.0,0.0,2.8944,0.0,0.0,0.0,0.0,0.0,0.0,0.0,0.2857143,2,0.2876820724517809,5.792328,0
569d1d4e-075d-4bdc-9f91-4d0d05788f95,2.476914,0.0,0.0,0.0,2.4719973,0.0,0.0,0.0,0.0,0.0,0.0,0.0,0.42857146,3,0.22314355131420976,4.948911,0
569d1d4e-075d-4bdc-9f91-4d0d05788f95,2.0670948,0.0,0.0,0.0,2.0632467,0.0,0.0,0.0,0.0,0.0,0.0,0.0,0.42857146,4,0.18232155679395462,4.1303415,0
569d1d4e-075d-4bdc-9f91-4d0d05788f95,1.6866988,0.0,0.114552595,0.0,1.6835912,0.0,0.113863535,0.0,0.0,0.0,0.0,0.0,0.2857143,5,0.1541506798272583,3.37029,0
569d1d4e-075d-4bdc-9f91-4d0d05788f95,1.6059624,0.0,0.0,0.0,1.601422,0.0,0.0,0.0,0.0,0.0,0.0,0.0,0.5714286,6,0.13353139262452263,3.2073843,0
569d1d4e-075d-4bdc-9f91-4d0d05788f95,1.5573013,0.0,0.0,0.0,1.5531594,0.0,0.0,0.0,0.0,0.0,0.0,0.0,0.42857146,7,0.11778303565638346,3.1104608,0
569d1d4e-075d-4bdc-9f91-4d0d05788f95,1.4838898,0.0,0.0,0.0,1.4776181,0.0,0.0,0.0,0.0,0.0,0.0,0.0,0.8571429,8,0.1053605156578263,2.9615078,0
569d1d4e-075d-4bdc-9f91-4d0d05788f95,1.3235053,0.0,0.0,0.0,1.3214282,0.0,0.0,0.0,0.0,0.0,0.0,0.0,0.2857143,9,0.09531017980432487,2.6449335,0
3b2dd646-cd4e-4c8e-ba85-aadf23140950,3.4027534,0.6154472,0.0,0.6154472,3.4903142,0.66676426,0.0,0.66676426,0.0,0.0,0.0,0.0,1.0,0,0.6931471805599453,6.8930674,2
3b2dd646-cd4e-4c8e-ba85-aadf23140950,2.6526883,0.0,0.0,0.0,2.7456257,0.0,0.0,0.0,0.0,0.0,0.0,0.0,1.0,1,0.4054651081081644,5.398314,1
3b2dd646-cd4e-4c8e-ba85-aadf23140950,2.889987,2.128262,0.9555898,2.2959168,2.0704646,1.2870557,0.5852905,1.2870557,0.08924979,0.05376123,0.01892253,0.05376123,0.75,2,0.2876820724517809,5.049701,3
3b2dd646-cd4e-4c8e-ba85-aadf23140950,1.4929653,0.22604693,0.03489265,0.22604693,1.5641891,0.2612945,0.06343684,0.2612945,0.0,0.0,0.0,0.0,0.75,3,0.22314355131420976,3.0571544,0
3b2dd646-cd4e-4c8e-ba85-aadf23140950,1.1645163,0.0,0.0,0.0,1.170006,0.0,0.0,0.0,0.0,0.0,0.0,0.0,0.25,4,0.18232155679395462,2.3345222,0
3b2dd646-cd4e-4c8e-ba85-aadf23140950,1.0989232,0.0,0.0,0.0,1.1043164,0.0,0.0,0.0,0.0,0.0,0.0,0.0,0.25,5,0.1541506798272583,2.2032394,0
3b2dd646-cd4e-4c8e-ba85-aadf23140950,0.97067034,0.0,0.0,0.0,0.75160545,0.0,0.0,0.0,0.026011663,0.0,0.0,0.0,0.25,6,0.13353139262452263,1.7482874,0
3b2dd646-cd4e-4c8e-ba85-aadf23140950,0.79714423,0.0,0.0,0.0,0.8182825,0.0,0.0,0.0,0.0,0.0,0.0,0.0,0.25,7,0.11778303565638346,1.6154268,0
3b2dd646-cd4e-4c8e-ba85-aadf23140950,0.7715657,0.0,0.0,0.0,0.76992285,0.0,0.0,0.0,0.0,0.0,0.0,0.0,0.25,8,0.1053605156578263,1.5414885,0
3b2dd646-cd4e-4c8e-ba85-aadf23140950,0.7446945,0.0,0.0,0.0,0.7907609,0.0,0.0,0.0,0.0,0.0,0.0,0.0,0.5,9,0.09531017980432487,1.5354553,0
b8e2c93a-b557-49b2-8529-616d72726bcf,7.6936736,1.1112311,0.111102104,1.5290748,7.6387177,0.9420648,0.11007364,1.3705457,0.04327762,0.020569658,0.0,0.020569658,0.8333334,0,0.6931471805599453,15.375669,3
b8e2c93a-b557-49b2-8529-616d72726bcf,2.5630355,0.0,0.0,0.0,2.5590641,0.0,0.0,0.0,0.0,0.0,0.0,0.0,0.5,1,0.4054651081081644,5.1221,0
b8e2c93a-b557-49b2-8529-616d72726bcf,2.278888,0.0,0.0,0.0,2.2976074,0.0,0.0,0.0,0.0038948844,0.0,0.0,0.0,0.8333334,2,0.2876820724517809,4.5803905,1
b8e2c93a-b557-49b2-8529-616d72726bcf,1.5659189,0.83316797,0.0,0.83316797,1.5860484,0.8464362,0.0,0.8464362,0.0,0.0,0.0,0.0,0.33333334,3,0.22314355131420976,3.1519673,0
b8e2c93a-b557-49b2-8529-616d72726bcf,1.3262115,0.0,0.0,0.0,1.3386508,0.0,0.0,0.0,0.0,0.0,0.0,0.0,0.33333334,4,0.18232155679395462,2.6648622,0
b8e2c93a-b557-49b2-8529-616d72726bcf,1.2091044,0.0,0.0,0.0,1.2071501,0.0,0.0,0.0,0.0,0.0,0.0,0.0,0.33333334,5,0.1541506798272583,2.4162545,0
b8e2c93a-b557-49b2-8529-616d72726bcf,1.039561,0.0,0.0,0.0,1.0471559,0.0,0.0,0.0,0.0,0.0,0.0,0.0,0.5,6,0.13353139262452263,2.086717,0
b8e2c93a-b557-49b2-8529-616d72726bcf,1.0231944,0.0,0.0,0.0,1.0194488,0.0,0.0,0.0,0.0031761273,0.0,0.0,0.0,0.33333334,7,0.11778303565638346,2.0458193,0
b8e2c93a-b557-49b2-8529-616d72726bcf,0.9259703,0.0,0.0,0.0,0.9039962,0.0,0.0,0.0,0.0031761273,0.0,0.0,0.0,0.5,8,0.1053605156578263,1.8331426,0
b8e2c93a-b557-49b2-8529-616d72726bcf,0.8692347,0.0,0.0,0.0,0.8820603,0.0,0.0,0.0,0.0038948844,0.0,0.0,0.0,0.5,9,0.09531017980432487,1.7551899,0
57a21149-f1b7-4e11-8579-f04c9abcb847,2.0837111,0.0,0.0,0.0,2.0786,0.0,0.0,0.0,0.0,0.0,0.0,0.0,0.75,0,0.6931471805599453,4.162311,0
57a21149-f1b7-4e11-8579-f04c9abcb847,1.9351603,0.0,0.0,0.0,1.9312673,0.0,0.0,0.0,0.0,0.0,0.0,0.0,0.75,1,0.4054651081081644,3.8664274,1
57a21149-f1b7-4e11-8579-f04c9abcb847,1.7195787,0.0,0.0,0.0,1.7179377,0.0,0.0,0.0,0.0038948844,0.0,0.0,0.0,0.75,2,0.2876820724517809,3.4414113,0
57a21149-f1b7-4e11-8579-f04c9abcb847,1.5467569,0.0,0.0,0.0,1.5436072,0.0,0.0,0.0,0.0,0.0,0.0,0.0,0.75,3,0.22314355131420976,3.090364,0
57a21149-f1b7-4e11-8579-f04c9abcb847,1.5097336,0.0,0.0,0.0,1.5075463,0.0,0.0,0.0,0.0,0.0,0.0,0.0,0.25,4,0.18232155679395462,3.0172799,0
57a21149-f1b7-4e11-8579-f04c9abcb847,1.4871533,0.0,0.0,0.0,1.4708885,0.0,0.0,0.0,0.0038948844,0.0,0.0,0.0,0.5,5,0.1541506798272583,2.9619367,3
57a21149-f1b7-4e11-8579-f04c9abcb847,1.3235053,0.0,0.0,0.0,1.3214282,0.0,0.0,0.0,0.0,0.0,0.0,0.0,0.5,6,0.13353139262452263,2.6449335,0
57a21149-f1b7-4e11-8579-f04c9abcb847,1.304116,0.0,0.0,0.0,1.3003201,0.0,0.0,0.0,0.0,0.0,0.0,0.0,0.75,7,0.11778303565638346,2.6044362,0
57a21149-f1b7-4e11-8579-f04c9abcb847,1.1261479,0.0,0.0,0.0,1.1235709,0.0,0.0,0.0,0.0,0.0,0.0,0.0,0.5,8,0.1053605156578263,2.2497187,0
57a21149-f1b7-4e11-8579-f04c9abcb847,1.1180537,0.0,0.0,0.0,1.1218629,0.0,0.0,0.0,0.0038948844,0.0,0.0,0.0,0.5,9,0.09531017980432487,2.2438114,2
92f3dd51-364f-4bd6-a06d-1e10dc90b3b4,3.0831804,0.0,0.0,0.0,3.078967,0.0,0.0,0.0,0.0,0.0,0.0,0.0,0.33333334,0,0.6931471805599453,6.1621475,0
92f3dd51-364f-4bd6-a06d-1e10dc90b3b4,2.4500735,0.0,0.0,0.0,2.4443395,0.0,0.0,0.0,0.0,0.0,0.0,0.0,0.5,1,0.4054651081081644,4.894413,0
92f3dd51-364f-4bd6-a06d-1e10dc90b3b4,2.289184,0.0,0.0,0.0,2.2849936,0.0,0.0,0.0,0.0,0.0,0.0,0.0,0.33333334,2,0.2876820724517809,4.5741777,0
92f3dd51-364f-4bd6-a06d-1e10dc90b3b4,2.2447827,0.0,0.0,0.0,2.2396886,0.0,0.0,0.0,0.0,0.0,0.0,0.0,0.5,3,0.22314355131420976,4.4844713,0
92f3dd51-364f-4bd6-a06d-1e10dc90b3b4,2.206182,0.0,0.0,0.0,2.202422,0.0,0.0,0.0,0.0,0.0,0.0,0.0,0.33333334,4,0.18232155679395462,4.4086037,0
92f3dd51-364f-4bd6-a06d-1e10dc90b3b4,1.8672054,0.0,0.0,0.0,1.8650181,0.0,0.0,0.0,0.0,0.0,0.0,0.0,0.16666667,5,0.1541506798272583,3.7322235,0
92f3dd51-364f-4bd6-a06d-1e10dc90b3b4,1.8615109,0.0,0.0,0.0,1.8585335,0.0,0.0,0.0,0.0,0.0,0.0,0.0,0.33333334,6,0.13353139262452263,3.7200444,0
92f3dd51-364f-4bd6-a06d-1e10dc90b3b4,1.6338346,0.0,0.0,0.0,1.6275365,0.0,0.0,0.0,0.0,0.0,0.0,0.0,0.5,7,0.11778303565638346,3.2613711,0
92f3dd51-364f-4bd6-a06d-1e10dc90b3b4,1.6083659,0.0,0.0,0.0,1.6061786,0.0,0.0,0.0,0.0,0.0,0.0,0.0,0.16666667,8,0.1053605156578263,3.2145445,0
92f3dd51-364f-4bd6-a06d-1e10dc90b3b4,1.5619738,0.0,0.0,0.0,1.6103146,0.0,0.0,0.0,0.0,0.0,0.0,0.0,0.16666667,9,0.09531017980432487,3.1722884,3
6d7480c3-2398-4ec6-b906-4b5517929ebb,3.708313,1.9249078,0.922527,1.974643,3.7075489,1.9235919,0.92076117,1.97334,0.0,0.0,0.0,0.0,0.75,0,0.6931471805599453,7.415862,3
6d7480c3-2398-4ec6-b906-4b5517929ebb,2.0160646,0.12514201,0.0,0.29122633,1.9932424,0.12588689,0.0,0.29226246,0.039382737,0.0,0.0,0.0,0.5,1,0.4054651081081644,4.04869,0
6d7480c3-2398-4ec6-b906-4b5517929ebb,1.6697619,0.49128583,0.04586641,0.49128583,1.666694,0.4899271,0.045159567,0.4899271,0.0,0.0,0.0,0.0,0.75,2,0.2876820724517809,3.3364558,0
6d7480c3-2398-4ec6-b906-4b5517929ebb,1.2393676,0.0,0.0,0.0,1.2415078,0.0,0.0,0.0,0.0,0.0,0.0,0.0,0.5,3,0.22314355131420976,2.4808755,0
6d7480c3-2398-4ec6-b906-4b5517929ebb,1.1771677,0.0,0.0,0.0,1.1772237,0.0,0.0,0.0,0.0,0.0,0.0,0.0,0.75,4,0.18232155679395462,2.3543913,0
6d7480c3-2398-4ec6-b906-4b5517929ebb,1.0788522,0.0,0.0,0.0,1.0769339,0.0,0.0,0.0,0.0,0.0,0.0,0.0,0.75,5,0.1541506798272583,2.155786,0
6d7480c3-2398-4ec6-b906-4b5517929ebb,1.059027,0.0,0.0,0.0,1.0570843,0.0,0.0,0.0,0.0,0.0,0.0,0.0,0.75,6,0.13353139262452263,2.1161113,0
6d7480c3-2398-4ec6-b906-4b5517929ebb,0.7463844,0.0,0.0,0.0,0.7445799,0.0,0.0,0.0,0.0,0.0,0.0,0.0,0.75,7,0.11778303565638346,1.4909643,0
6d7480c3-2398-4ec6-b906-4b5517929ebb,0.5310213,0.0,0.0,0.0,0.529871,0.0,0.0,0.0,0.0,0.0,0.0,0.0,0.5,8,0.1053605156578263,1.0608923,0
6d7480c3-2398-4ec6-b906-4b5517929ebb,0.52418494,0.0,0.0,0.0,0.5242921,0.0,0.0,0.0,0.0,0.0,0.0,0.0,0.5,9,0.09531017980432487,1.048477,0
ff366a02-cc4d-4773-a477-7d4bef98a8fe,3.034451,1.0456675,0.0,1.0456675,2.9564052,1.045452,0.0,1.045452,0.026011663,0.0,0.0,0.0,0.6666667,0,0.6931471805599453,6.0168676,3
ff366a02-cc4d-4773-a477-7d4bef98a8fe,2.0130317,0.0,0.0,0.0,1.9953201,0.0,0.0,0.0,0.025292905,0.0,0.0,0.0,1.0,1,0.4054651081081644,4.0336447,0
ff366a02-cc4d-4773-a477-7d4bef98a8fe,1.1170317,0.0,0.0,0.0,1.1237236,0.0,0.0,0.0,0.0,0.0,0.0,0.0,1.0,2,0.2876820724517809,2.2407553,0
ff366a02-cc4d-4773-a477-7d4bef98a8fe,1.0922,0.0,0.0,0.0,1.0891774,0.0,0.0,0.0,0.0,0.0,0.0,0.0,1.0,3,0.22314355131420976,2.1813774,0
ff366a02-cc4d-4773-a477-7d4bef98a8fe,0.9051466,0.0,0.0,0.0,0.91076636,0.0,0.0,0.0,0.0,0.0,0.0,0.0,0.6666667,4,0.18232155679395462,1.815913,0
ff366a02-cc4d-4773-a477-7d4bef98a8fe,0.8450168,0.0,0.0,0.0,0.8432123,0.0,0.0,0.0,0.0,0.0,0.0,0.0,0.6666667,5,0.1541506798272583,1.6882291,0
ff366a02-cc4d-4773-a477-7d4bef98a8fe,0.7715657,0.0,0.0,0.0,0.76992285,0.0,0.0,0.0,0.0,0.0,0.0,0.0,0.33333334,6,0.13353139262452263,1.5414885,0
ff366a02-cc4d-4773-a477-7d4bef98a8fe,0.68390566,0.0,0.0,0.0,0.6818021,0.0,0.0,0.0,0.0,0.0,0.0,0.0,0.6666667,7,0.11778303565638346,1.3657078,0
ff366a02-cc4d-4773-a477-7d4bef98a8fe,0.65999824,0.0,0.0,0.0,0.6648685,0.0,0.0,0.0,0.0,0.0,0.0,0.0,0.6666667,8,0.1053605156578263,1.3248668,0
ff366a02-cc4d-4773-a477-7d4bef98a8fe,0.5060228,0.0,0.0,0.0,0.5048045,0.0,0.0,0.0,0.0,0.0,0.0,0.0,0.33333334,9,0.09531017980432487,1.0108273,0
5ea8323a-74bf-4f19-b607-b5747f4b65b8,2.1806781,0.0,0.0,0.0,2.1593769,0.0,0.0,0.0,0.039382737,0.0,0.0,0.0,0.25,0,0.6931471805599453,4.379438,3
5ea8323a-74bf-4f19-b607-b5747f4b65b8,2.0334172,0.0,0.0,0.0,2.0401518,0.0,0.0,0.0,0.0,0.0,0.0,0.0,1.0,1,0.4054651081081644,4.0735693,0
5ea8323a-74bf-4f19-b607-b5747f4b65b8,1.7451702,0.0,0.0,0.0,1.7430395,0.0,0.0,0.0,0.0,0.0,0.0,0.0,0.25,2,0.2876820724517809,3.4882097,0
5ea8323a-74bf-4f19-b607-b5747f4b65b8,1.6402702,0.0,0.0,0.0,1.6339152,0.0,0.0,0.0,0.0,0.0,0.0,0.0,1.0,3,0.22314355131420976,3.2741854,0
5ea8323a-74bf-4f19-b607-b5747f4b65b8,1.4120502,0.0,0.0,0.0,1.4097304,0.0,0.0,0.0,0.0,0.0,0.0,0.0,0.5,4,0.18232155679395462,2.8217807,0
5ea8323a-74bf-4f19-b607-b5747f4b65b8,1.2183968,0.0,0.0,0.0,1.216266,0.0,0.0,0.0,0.0,0.0,0.0,0.0,0.5,5,0.1541506798272583,2.4346628,0
5ea8323a-74bf-4f19-b607-b5747f4b65b8,1.059027,0.0,0.0,0.0,1.0570843,0.0,0.0,0.0,0.0,0.0,0.0,0.0,0.25,6,0.13353139262452263,2.1161113,0
5ea8323a-74bf-4f19-b607-b5747f4b65b8,0.7463844,0.0,0.0,0.0,0.7445799,0.0,0.0,0.0,0.0,0.0,0.0,0.0,0.5,7,0.11778303565638346,1.4909643,0
5ea8323a-74bf-4f19-b607-b5747f4b65b8,0.7069126,0.0,0.0,0.0,0.70521414,0.0,0.0,0.0,0.0,0.0,0.0,0.0,0.25,8,0.1053605156578263,1.4121268,0
5ea8323a-74bf-4f19-b607-b5747f4b65b8,0.7059732,0.0,0.0,0.0,0.70312446,0.0,0.0,0.0,0.0,0.0,0.0,0.0,0.5,9,0.09531017980432487,1.4090977,0
f1433eea-c56d-4bdf-b6a8-9e2c984122ab,2.635914,0.0,0.0,0.0,2.6455712,0.0,0.0,0.0,0.0,0.0,0.0,0.0,1.0,0,0.6931471805599453,5.2814856,0
f1433eea-c56d-4bdf-b6a8-9e2c984122ab,2.5136118,0.0,0.0,0.0,2.5090106,0.0,0.0,0.0,0.0,0.0,0.0,0.0,1.0,1,0.4054651081081644,5.022622,3
f1433eea-c56d-4bdf-b6a8-9e2c984122ab,1.8235687,0.0,0.0,0.0,1.821076,0.0,0.0,0.0,0.019258479,0.0,0.0,0.0,0.5,2,0.2876820724517809,3.6639032,0
f1433eea-c56d-4bdf-b6a8-9e2c984122ab,1.762402,0.0,0.0,0.0,1.7584941,0.0,0.0,0.0,0.0,0.0,0.0,0.0,0.75,3,0.22314355131420976,3.5208962,0
f1433eea-c56d-4bdf-b6a8-9e2c984122ab,1.5899961,0.0,0.0,0.0,1.5633024,0.0,0.0,0.0,0.019258479,0.0,0.0,0.0,0.5,4,0.18232155679395462,3.1725569,0
f1433eea-c56d-4bdf-b6a8-9e2c984122ab,1.3489103,0.0,0.0,0.0,1.400007,0.0,0.0,0.0,0.019258479,0.0,0.0,0.0,0.5,5,0.1541506798272583,2.7681758,0
f1433eea-c56d-4bdf-b6a8-9e2c984122ab,1.059027,0.0,0.0,0.0,1.0570843,0.0,0.0,0.0,0.0,0.0,0.0,0.0,0.5,6,0.13353139262452263,2.1161113,0
f1433eea-c56d-4bdf-b6a8-9e2c984122ab,0.8632498,0.0,0.0,0.0,0.8589231,0.0,0.0,0.0,0.0,0.0,0.0,0.0,0.75,7,0.11778303565638346,1.7221729,1
f1433eea-c56d-4bdf-b6a8-9e2c984122ab,0.85622174,0.0,0.0,0.0,0.85457337,0.0,0.0,0.0,0.0,0.0,0.0,0.0,0.25,8,0.1053605156578263,1.7107952,1
f1433eea-c56d-4bdf-b6a8-9e2c984122ab,0.7447538,0.0,0.0,0.0,0.75828195,0.0,0.0,0.0,0.0,0.0,0.0,0.0,0.25,9,0.09531017980432487,1.5030358,2
8c418ec0-b8f8-416e-a4f7-cc1409753b63,3.6597855,1.5414642,1.6166695,1.6728703,3.6924217,1.559705,1.6351941,1.6916013,0.0,0.0,0.0,0.0,0.5,0,0.6931471805599453,7.352207,0
8c418ec0-b8f8-416e-a4f7-cc1409753b63,3.0563097,0.40038577,0.44373593,0.46741903,3.0459616,0.3592775,0.40498644,0.42991334,0.027048247,0.010353533,0.010353533,0.010353533,1.0,1,0.4054651081081644,6.1293197,0
8c418ec0-b8f8-416e-a4f7-cc1409753b63,2.356021,0.26626864,0.32467926,0.3940817,2.3525417,0.26502573,0.3233639,0.3926855,0.0063522547,0.0,0.0,0.0,1.0,2,0.2876820724517809,4.714915,3
8c418ec0-b8f8-416e-a4f7-cc1409753b63,1.685019,0.0,0.0,0.0,1.6736715,0.0,0.0,0.0,0.0077897687,0.0,0.0,0.0,0.5,3,0.22314355131420976,3.3664804,0
8c418ec0-b8f8-416e-a4f7-cc1409753b63,1.5985665,0.0,0.0,0.0,1.5927577,0.0,0.0,0.0,0.0063522547,0.0,0.0,0.0,0.75,4,0.18232155679395462,3.1976764,0
8c418ec0-b8f8-416e-a4f7-cc1409753b63,1.1931292,0.23391184,0.31131968,0.31131968,1.225411,0.26724848,0.34452903,0.34452903,0.0,0.0,0.0,0.0,0.5,5,0.1541506798272583,2.4185402,1
8c418ec0-b8f8-416e-a4f7-cc1409753b63,1.1931292,0.0,0.0,0.0,1.1912634,0.0,0.0,0.0,0.0,0.0,0.0,0.0,0.5,6,0.13353139262452263,2.3843927,2
8c418ec0-b8f8-416e-a4f7-cc1409753b63,1.1936146,0.0,0.04452641,0.08779864,1.1624727,0.0,0.047426157,0.091130875,0.019258479,0.0,0.0,0.0,0.5,7,0.11778303565638346,2.3753457,0
8c418ec0-b8f8-416e-a4f7-cc1409753b63,1.059027,0.0,0.0,0.0,1.0570843,0.0,0.0,0.0,0.0,0.0,0.0,0.0,0.5,8,0.1053605156578263,2.1161113,0
8c418ec0-b8f8-416e-a4f7-cc1409753b63,0.9552252,0.0,0.0,0.0,0.9565103,0.0,0.0,0.0,0.0077897687,0.0,0.0,0.0,0.75,9,0.09531017980432487,1.9195253,0
6acdbc73-2881-477f-a971-8d734e9f18b5,2.0489583,0.0,0.0,0.0,2.0456364,0.0,0.0,0.0,0.0,0.0,0.0,0.0,0.5,0,0.6931471805599453,4.094595,0
6acdbc73-2881-477f-a971-8d734e9f18b5,2.0268774,0.07514078,0.0,0.07514078,2.0344603,0.07416703,0.0,0.07416703,0.0,0.0,0.0,0.0,0.75,1,0.4054651081081644,4.0613375,0
6acdbc73-2881-477f-a971-8d734e9f18b5,1.8234528,0.0,0.0,0.0,1.8404273,0.0,0.0,0.0,0.0,0.0,0.0,0.0,0.5,2,0.2876820724517809,3.66388,0
6acdbc73-2881-477f-a971-8d734e9f18b5,1.7529573,0.0,0.0,0.0,1.7664069,0.0,0.0,0.0,0.0,0.0,0.0,0.0,0.75,3,0.22314355131420976,3.5193644,2
6acdbc73-2881-477f-a971-8d734e9f18b5,1.6157979,0.0,0.0,0.0,1.625371,0.0,0.0,0.0,0.0,0.0,0.0,0.0,0.75,4,0.18232155679395462,3.241169,0
6acdbc73-2881-477f-a971-8d734e9f18b5,1.5711129,0.0,0.0,0.0,1.5824933,0.0,0.0,0.0,0.0,0.0,0.0,0.0,0.75,5,0.1541506798272583,3.1536062,0
6acdbc73-2881-477f-a971-8d734e9f18b5,1.5589508,0.0,0.0,0.0,1.5552044,0.0,0.0,0.0,0.0,0.0,0.0,0.0,0.75,6,0.13353139262452263,3.1141553,0
6acdbc73-2881-477f-a971-8d734e9f18b5,1.5350126,0.0,0.0,0.0,1.37968,0.0,0.0,0.0,0.039382737,0.0,0.0,0.0,0.5,7,0.11778303565638346,2.9540753,3
6acdbc73-2881-477f-a971-8d734e9f18b5,1.4214269,0.0,0.0,0.0,1.4180386,0.0,0.0,0.0,0.0,0.0,0.0,0.0,0.5,8,0.1053605156578263,2.8394656,0
6acdbc73-2881-477f-a971-8d734e9f18b5,1.4152133,0.0,0.0,0.0,1.4107089,0.0,0.0,0.0,0.0,0.0,0.0,0.0,0.5,9,0.09531017980432487,2.8259223,0
807a58fd-7b3b-4437-96ec-4b54d05fe05a,4.6539936,1.8403198,0.0,2.0270374,4.643146,1.7799565,0.0,1.9746948,0.007900786,0.0,0.0,0.0,0.75,0,0.6931471805599453,9.30504,3
807a58fd-7b3b-4437-96ec-4b54d05fe05a,1.310256,0.0,0.0,0.0,1.3105685,0.0,0.0,0.0,0.007900786,0.0,0.0,0.0,0.25,1,0.4054651081081644,2.6287253,0
807a58fd-7b3b-4437-96ec-4b54d05fe05a,1.2610648,0.0,0.0,0.0,1.2638224,0.0,0.0,0.0,0.007900786,0.0,0.0,0.0,0.5,2,0.2876820724517809,2.532788,0
807a58fd-7b3b-4437-96ec-4b54d05fe05a,1.212243,0.0,0.0,0.0,1.2101506,0.0,0.0,0.0,0.007900786,0.0,0.0,0.0,0.25,3,0.22314355131420976,2.4302943,0
807a58fd-7b3b-4437-96ec-4b54d05fe05a,1.1755435,0.0,0.0,0.0,1.163731,0.0,0.0,0.0,0.007900786,0.0,0.0,0.0,0.5,4,0.18232155679395462,2.3471754,0
807a58fd-7b3b-4437-96ec-4b54d05fe05a,0.8689632,0.0,0.0,0.0,0.91773486,0.0,0.0,0.0,0.0,0.0,0.0,0.0,0.5,5,0.1541506798272583,1.7866981,1
807a58fd-7b3b-4437-96ec-4b54d05fe05a,0.8030325,0.0,0.0,0.0,0.8007547,0.0,0.0,0.0,0.0,0.0,0.0,0.0,0.5,6,0.13353139262452263,1.6037872,0
807a58fd-7b3b-4437-96ec-4b54d05fe05a,0.7715657,0.0,0.0,0.0,0.76992285,0.0,0.0,0.0,0.0,0.0,0.0,0.0,0.25,7,0.11778303565638346,1.5414885,0
807a58fd-7b3b-4437-96ec-4b54d05fe05a,0.5703692,0.0,0.0,0.0,0.544792,0.0,0.0,0.0,0.007900786,0.0,0.0,0.0,0.25,8,0.1053605156578263,1.123062,0
807a58fd-7b3b-4437-96ec-4b54d05fe05a,0.53014046,0.0,0.0,0.0,0.54321843,0.0,0.0,0.0,0.0,0.0,0.0,0.0,0.25,9,0.09531017980432487,1.0733589,0
375ed36f-91f3-4313-8a80-f2963a9fcffc,3.8341303,0.1861112,0.0,0.39907303,3.8208828,0.19331536,0.0,0.40603027,0.039382737,0.0,0.0,0.0,0.75,0,0.6931471805599453,7.694396,3
375ed36f-91f3-4313-8a80-f2963a9fcffc,2.045588,0.0,0.0,0.0,2.0176759,0.0,0.0,0.0,0.019258479,0.0,0.0,0.0,0.5,1,0.4054651081081644,4.0825224,0
375ed36f-91f3-4313-8a80-f2963a9fcffc,1.9243885,0.0,0.0,0.0,1.9466192,0.0,0.0,0.0,0.0,0.0,0.0,0.0,1.0,2,0.2876820724517809,3.8710077,2
375ed36f-91f3-4313-8a80-f2963a9fcffc,1.8235687,0.0,0.0,0.0,1.821076,0.0,0.0,0.0,0.019258479,0.0,0.0,0.0,0.25,3,0.22314355131420976,3.6639032,0
375ed36f-91f3-4313-8a80-f2963a9fcffc,1.222957,0.0,0.0,0.0,1.2243326,0.0,0.0,0.0,0.019258479,0.0,0.0,0.0,0.25,4,0.18232155679395462,2.466548,0
375ed36f-91f3-4313-8a80-f2963a9fcffc,1.0769566,0.0,0.0,0.0,1.0734689,0.0,0.0,0.0,0.0,0.0,0.0,0.0,0.5,5,0.1541506798272583,2.1504254,0
375ed36f-91f3-4313-8a80-f2963a9fcffc,0.9237982,0.0,0.0,0.0,0.927224,0.0,0.0,0.0,0.0,0.0,0.0,0.0,0.75,6,0.13353139262452263,1.8510222,0
375ed36f-91f3-4313-8a80-f2963a9fcffc,0.86430997,0.0,0.0,0.0,0.8607177,0.0,0.0,0.0,0.0,0.0,0.0,0.0,0.5,7,0.11778303565638346,1.7250277,0
375ed36f-91f3-4313-8a80-f2963a9fcffc,0.8030325,0.0,0.0,0.0,0.8007547,0.0,0.0,0.0,0.0,0.0,0.0,0.0,0.5,8,0.1053605156578263,1.6037872,0
375ed36f-91f3-4313-8a80-f2963a9fcffc,0.7447538,0.0,0.0,0.0,0.75828195,0.0,0.0,0.0,0.0,0.0,0.0,0.0,0.25,9,0.09531017980432487,1.5030358,0
d1451fc0-9d00-4349-8faf-06c0e04ef2e6,2.2301078,0.0,0.0,0.0,2.2220635,0.0,0.0,0.0,0.039382737,0.0,0.0,0.0,0.8,0,0.6931471805599453,4.4915543,0
d1451fc0-9d00-4349-8faf-06c0e04ef2e6,1.8004559,0.0,0.0,0.0,1.7289268,0.0,0.0,0.0,0.03866398,0.0,0.0,0.0,0.2,1,0.4054651081081644,3.5680466,0
d1451fc0-9d00-4349-8faf-06c0e04ef2e6,1.7803099,0.0,0.0,0.0,1.7758904,0.0,0.0,0.0,0.0,0.0,0.0,0.0,1.0,2,0.2876820724517809,3.5562003,0
d1451fc0-9d00-4349-8faf-06c0e04ef2e6,1.7469753,0.0,0.0,0.0,1.7617865,0.0,0.0,0.0,0.0,0.0,0.0,0.0,0.6,3,0.22314355131420976,3.508762,0
d1451fc0-9d00-4349-8faf-06c0e04ef2e6,1.7060367,0.0,0.0,0.0,1.7037898,0.0,0.0,0.0,0.0,0.0,0.0,0.0,0.4,4,0.18232155679395462,3.4098265,3
d1451fc0-9d00-4349-8faf-06c0e04ef2e6,1.5248597,0.0,0.0,0.0,1.5398457,0.0,0.0,0.0,0.0,0.0,0.0,0.0,0.6,5,0.1541506798272583,3.0647054,0
d1451fc0-9d00-4349-8faf-06c0e04ef2e6,1.3893578,0.0,0.0,0.0,1.408869,0.0,0.0,0.0,0.0,0.0,0.0,0.0,0.8,6,0.13353139262452263,2.7982268,0
d1451fc0-9d00-4349-8faf-06c0e04ef2e6,1.3638765,0.0,0.0,0.0,1.3617817,0.0,0.0,0.0,0.0,0.0,0.0,0.0,0.4,7,0.11778303565638346,2.7256582,0
d1451fc0-9d00-4349-8faf-06c0e04ef2e6,1.2512692,0.0,0.0,0.0,1.2714461,0.0,0.0,0.0,0.0,0.0,0.0,0.0,0.2,8,0.1053605156578263,2.5227153,0
d1451fc0-9d00-4349-8faf-06c0e04ef2e6,0.9480493,0.0,0.0,0.0,0.9448892,0.0,0.0,0.0,0.0,0.0,0.0,0.0,0.6,9,0.09531017980432487,1.8929385,0
54a74f4e-585c-4658-a30a-0fdf446dfae9,3.7676508,0.0,0.0,0.0,3.770776,0.0,0.0,0.0,0.0,0.0,0.0,0.0,0.71428573,0,0.6931471805599453,7.538427,0
54a74f4e-585c-4658-a30a-0fdf446dfae9,3.1587944,0.0,0.0,0.0,3.0709462,0.0,0.0,0.0,0.039382737,0.0,0.0,0.0,0.42857146,1,0.4054651081081644,6.2691236,3
54a74f4e-585c-4658-a30a-0fdf446dfae9,2.291411,0.0,0.0,0.0,2.2990603,0.0,0.0,0.0,0.0,0.0,0.0,0.0,0.5714286,2,0.2876820724517809,4.5904713,0
54a74f4e-585c-4658-a30a-0fdf446dfae9,2.2343438,0.0,0.0,0.0,2.2377002,0.0,0.0,0.0,0.0,0.0,0.0,0.0,0.71428573,3,0.22314355131420976,4.472044,0
54a74f4e-585c-4658-a30a-0fdf446dfae9,1.9607182,0.0,0.0,0.0,1.9651276,0.0,0.0,0.0,0.0,0.0,0.0,0.0,0.42857146,4,0.18232155679395462,3.9258456,0
54a74f4e-585c-4658-a30a-0fdf446dfae9,1.8389009,0.0,0.0,0.0,1.8406676,0.0,0.0,0.0,0.0,0.0,0.0,0.0,0.71428573,5,0.1541506798272583,3.6795685,0
54a74f4e-585c-4658-a30a-0fdf446dfae9,1.673505,0.0,0.0,0.0,1.6783749,0.0,0.0,0.0,0.0,0.0,0.0,0.0,0.5714286,6,0.13353139262452263,3.3518798,1
54a74f4e-585c-4658-a30a-0fdf446dfae9,1.5698594,0.0,0.0,0.0,1.5676527,0.0,0.0,0.0,0.0,0.0,0.0,0.0,0.2857143,7,0.11778303565638346,3.1375122,0
54a74f4e-585c-4658-a30a-0fdf446dfae9,1.5120844,0.0,0.0,0.0,1.5076723,0.0,0.0,0.0,0.0,0.0,0.0,0.0,0.5714286,8,0.1053605156578263,3.0197568,0
54a74f4e-585c-4658-a30a-0fdf446dfae9,1.4672867,0.0,0.0,0.0,1.4712516,0.0,0.0,0.0,0.0,0.0,0.0,0.0,1.0,9,0.09531017980432487,2.9385383,0
1f54dfe3-bc79-48da-9442-62863b8462a8,6.2190843,0.49128583,0.0,0.49128583,6.2198324,0.4899271,0.0,0.4899271,0.0,0.0,0.0,0.0,1.0,0,0.6931471805599453,12.438917,3
1f54dfe3-bc79-48da-9442-62863b8462a8,2.1821206,0.0,0.0,0.0,2.1797695,0.0,0.0,0.0,0.0,0.0,0.0,0.0,0.5,1,0.4054651081081644,4.36189,0
1f54dfe3-bc79-48da-9442-62863b8462a8,2.168294,0.0,0.0,0.0,2.1767418,0.0,0.0,0.0,0.0,0.0,0.0,0.0,0.75,2,0.2876820724517809,4.3450356,0
1f54dfe3-bc79-48da-9442-62863b8462a8,1.7798924,0.0,0.04757192,0.0,1.6838297,0.0,0.04700968,0.0,0.039382737,0.0,0.0,0.0,0.5,3,0.22314355131420976,3.503105,0
1f54dfe3-bc79-48da-9442-62863b8462a8,1.1658107,0.0,0.0,0.0,1.1742164,0.0,0.0,0.0,0.0,0.0,0.0,0.0,0.5,4,0.18232155679395462,2.340027,0
1f54dfe3-bc79-48da-9442-62863b8462a8,1.1178467,0.0,0.0,0.0,1.1219295,0.0,0.0,0.0,0.0,0.0,0.0,0.0,0.5,5,0.1541506798272583,2.2397761,0
1f54dfe3-bc79-48da-9442-62863b8462a8,1.0464296,0.0,0.0,0.0,1.0508081,0.0,0.0,0.0,0.0,0.0,0.0,0.0,0.75,6,0.13353139262452263,2.0972376,0
1f54dfe3-bc79-48da-9442-62863b8462a8,0.92343175,0.0,0.0,0.0,0.9218365,0.0,0.0,0.0,0.0,0.0,0.0,0.0,0.25,7,0.11778303565638346,1.8452682,0
1f54dfe3-bc79-48da-9442-62863b8462a8,0.84757525,0.0,0.0,0.0,0.84598,0.0,0.0,0.0,0.0,0.0,0.0,0.0,0.25,8,0.1053605156578263,1.6935552,0
1f54dfe3-bc79-48da-9442-62863b8462a8,0.79714423,0.0,0.0,0.0,0.795549,0.0,0.0,0.0,0.0,0.0,0.0,0.0,0.25,9,0.09531017980432487,1.5926932,0
97e3c2a2-4162-4e75-8e90-790730ce9f7b,2.844242,0.0,0.0,0.0,2.840064,0.0,0.0,0.0,0.0,0.0,0.0,0.0,0.5,0,0.6931471805599453,5.684306,0
97e3c2a2-4162-4e75-8e90-790730ce9f7b,2.8271854,0.0,0.0,0.0,2.8252873,0.0,0.0,0.0,0.0,0.0,0.0,0.0,0.33333334,1,0.4054651081081644,5.6524725,0
97e3c2a2-4162-4e75-8e90-790730ce9f7b,2.6370778,0.0,0.0,0.0,2.632804,0.0,0.0,0.0,0.0,0.0,0.0,0.0,0.5,2,0.2876820724517809,5.2698817,0
97e3c2a2-4162-4e75-8e90-790730ce9f7b,2.061358,0.0,0.16292284,0.0,2.0000956,0.0,0.16731495,0.0,0.039382737,0.0,0.0,0.0,0.33333334,3,0.22314355131420976,4.1008363,2
97e3c2a2-4162-4e75-8e90-790730ce9f7b,1.8999736,0.0,0.15738897,0.0,1.9155171,0.0,0.16279733,0.0,0.0,0.0,0.0,0.0,0.33333334,4,0.18232155679395462,3.8154907,3
97e3c2a2-4162-4e75-8e90-790730ce9f7b,1.7972294,0.0,0.0,0.0,1.7935631,0.0,0.0,0.0,0.0,0.0,0.0,0.0,0.5,5,0.1541506798272583,3.5907927,0
97e3c2a2-4162-4e75-8e90-790730ce9f7b,1.6696148,0.0,0.0,0.0,1.678097,0.0,0.0,0.0,0.0,0.0,0.0,0.0,0.33333334,6,0.13353139262452263,3.3477118,0
97e3c2a2-4162-4e75-8e90-790730ce9f7b,1.6400834,0.0,0.0,0.0,1.6374186,0.0,0.0,0.0,0.0038948844,0.0,0.0,0.0,0.5,7,0.11778303565638346,3.2813969,0
97e3c2a2-4162-4e75-8e90-790730ce9f7b,1.6083659,0.0,0.0,0.0,1.6061786,0.0,0.0,0.0,0.0,0.0,0.0,0.0,0.5,8,0.1053605156578263,3.2145445,0
97e3c2a2-4162-4e75-8e90-790730ce9f7b,1.509959,0.0,0.016252752,0.0,1.5231174,0.0,0.020861335,0.0,0.0,0.0,0.0,0.0,0.5,9,0.09531017980432487,3.0330763,0
248b1e19-0b90-4376-9e52-454fe2fff499,4.216441,0.322792,0.0,0.322792,4.2122235,0.32122713,0.0,0.32122713,0.0,0.0,0.0,0.0,0.7777778,0,0.6931471805599453,8.428665,1
248b1e19-0b90-4376-9e52-454fe2fff499,2.5777376,0.5565783,0.0,0.5565783,2.5724282,0.55501336,0.0,0.55501336,0.0,0.0,0.0,0.0,0.33333334,1,0.4054651081081644,5.1501656,0
248b1e19-0b90-4376-9e52-454fe2fff499,2.3646085,0.0,0.0,0.0,2.3592763,0.0,0.0,0.0,0.0,0.0,0.0,0.0,0.44444445,2,0.2876820724517809,4.7238846,0
248b1e19-0b90-4376-9e52-454fe2fff499,2.3007684,0.0,0.0,0.0,2.296762,0.0,0.0,0.0,0.0,0.0,0.0,0.0,0.33333334,3,0.22314355131420976,4.5975304,3
248b1e19-0b90-4376-9e52-454fe2fff499,2.2870126,0.0,0.0,0.0,2.2901244,0.0,0.0,0.0,0.0,0.0,0.0,0.0,0.7777778,4,0.18232155679395462,4.577137,0
248b1e19-0b90-4376-9e52-454fe2fff499,2.2409613,0.0,0.0,0.0,2.234497,0.0,0.0,0.0,0.0,0.0,0.0,0.0,0.7777778,5,0.1541506798272583,4.475458,0
248b1e19-0b90-4376-9e52-454fe2fff499,2.1806781,0.0,0.0,0.0,2.1593769,0.0,0.0,0.0,0.039382737,0.0,0.0,0.0,0.11111111,6,0.13353139262452263,4.379438,0
248b1e19-0b90-4376-9e52-454fe2fff499,2.180166,0.5565783,0.0,0.5565783,2.1732724,0.55501336,0.0,0.55501336,0.0,0.0,0.0,0.0,0.5555556,7,0.11778303565638346,4.3534384,0
248b1e19-0b90-4376-9e52-454fe2fff499,2.1691759,0.0,0.0,0.0,2.1608315,0.0,0.0,0.0,0.0,0.0,0.0,0.0,0.7777778,8,0.1053605156578263,4.3300076,0
248b1e19-0b90-4376-9e52-454fe2fff499,2.1596608,0.7258986,0.0,0.7258986,2.1543584,0.7236388,0.0,0.7236388,0.0,0.0,0.0,0.0,0.44444445,9,0.09531017980432487,4.314019,0
e3413d2a-d62a-466f-b4b1-6a07fd022e12,1.5933665,0.0,0.0,0.0,1.5912629,0.0,0.0,0.0,0.0,0.0,0.0,0.0,0.25,0,0.6931471805599453,3.1846294,0
e3413d2a-d62a-466f-b4b1-6a07fd022e12,1.3083067,0.0,0.0,0.0,1.304843,0.0,0.0,0.0,0.0,0.0,0.0,0.0,0.5,1,0.4054651081081644,2.6131496,0
e3413d2a-d62a-466f-b4b1-6a07fd022e12,1.1511717,0.0,0.0,0.0,1.1490681,0.0,0.0,0.0,0.0,0.0,0.0,0.0,0.25,2,0.2876820724517809,2.3002398,0
e3413d2a-d62a-466f-b4b1-6a07fd022e12,1.1464148,0.0,0.0,0.0,1.1421578,0.0,0.0,0.0,0.0,0.0,0.0,0.0,0.5,3,0.22314355131420976,2.2885725,0
e3413d2a-d62a-466f-b4b1-6a07fd022e12,1.1063194,0.0,0.0,0.0,1.1032785,0.0,0.0,0.0,0.0,0.0,0.0,0.0,0.75,4,0.18232155679395462,2.209598,0
e3413d2a-d62a-466f-b4b1-6a07fd022e12,1.0622922,0.0,0.0,0.0,1.0597074,0.0,0.0,0.0,0.0,0.0,0.0,0.0,0.5,5,0.1541506798272583,2.1219997,0
e3413d2a-d62a-466f-b4b1-6a07fd022e12,1.0330418,0.0,0.0,0.0,1.0313826,0.0,0.0,0.0,0.0,0.0,0.0,0.0,0.25,6,0.13353139262452263,2.0644245,0
e3413d2a-d62a-466f-b4b1-6a07fd022e12,0.9914126,0.0,0.0,0.0,0.98703665,0.0,0.0,0.0,0.0,0.0,0.0,0.0,0.75,7,0.11778303565638346,1.9784492,0
e3413d2a-d62a-466f-b4b1-6a07fd022e12,0.8778301,0.0,0.0,0.0,0.8753904,0.0,0.0,0.0,0.0,0.0,0.0,0.0,0.5,8,0.1053605156578263,1.7532206,0
e3413d2a-d62a-466f-b4b1-6a07fd022e12,0.8450168,0.0,0.0,0.0,0.8432123,0.0,0.0,0.0,0.0,0.0,0.0,0.0,0.25,9,0.09531017980432487,1.6882291,0
4ad1205f-afa6-4b1a-be9c-8f47ba1ad28c,3.3472486,1.9043565,0.0,1.9936279,3.2082107,1.690623,0.0,1.700894,0.04527014,0.021501612,0.0,0.021501612,0.6,0,0.6931471805599453,6.6007295,3
4ad1205f-afa6-4b1a-be9c-8f47ba1ad28c,2.69924,0.0,0.0,0.0,2.7167547,0.0,0.0,0.0,0.0,0.0,0.0,0.0,0.8,1,0.4054651081081644,5.4159946,0
4ad1205f-afa6-4b1a-be9c-8f47ba1ad28c,2.699751,1.7580347,0.0,1.7580347,2.5784285,1.5692304,0.0,1.5692304,0.043832626,0.0200641,0.0,0.0200641,0.6,2,0.2876820724517809,5.322012,0
4ad1205f-afa6-4b1a-be9c-8f47ba1ad28c,2.277584,0.0,0.0,0.0,2.273948,0.0,0.0,0.0,0.0,0.0,0.0,0.0,0.6,3,0.22314355131420976,4.551532,0
4ad1205f-afa6-4b1a-be9c-8f47ba1ad28c,1.8951571,0.19338024,0.0,0.19338024,1.9363303,0.2292879,0.0,0.2292879,0.0,0.0,0.0,0.0,1.0,4,0.18232155679395462,3.8314874,0
4ad1205f-afa6-4b1a-be9c-8f47ba1ad28c,1.8512094,0.0,0.0,0.0,1.866612,0.0,0.0,0.0,0.0,0.0,0.0,0.0,0.8,5,0.1541506798272583,3.7178214,0
4ad1205f-afa6-4b1a-be9c-8f47ba1ad28c,1.7212046,0.0,0.0,0.0,1.6336093,0.0,0.0,0.0,0.019258479,0.0,0.0,0.0,0.4,6,0.13353139262452263,3.3740723,0
4ad1205f-afa6-4b1a-be9c-8f47ba1ad28c,1.5149581,0.0,0.0,0.0,1.5128546,0.0,0.0,0.0,0.0,0.0,0.0,0.0,0.2,7,0.11778303565638346,3.0278127,0
4ad1205f-afa6-4b1a-be9c-8f47ba1ad28c,1.4718223,0.0,0.0,0.0,1.4684627,0.0,0.0,0.0,0.0,0.0,0.0,0.0,0.6,8,0.1053605156578263,2.940285,0
4ad1205f-afa6-4b1a-be9c-8f47ba1ad28c,1.4336863,0.0,0.0,0.0,1.4305063,0.0,0.0,0.0,0.0,0.0,0.0,0.0,0.4,9,0.09531017980432487,2.8641925,0
1f466bec-3db4-47ca-a973-4600848c4978,3.2265642,0.0,0.0,0.0,3.2202778,0.0,0.0,0.0,0.0,0.0,0.0,0.0,1.0,0,0.6931471805599453,6.446842,2
1f466bec-3db4-47ca-a973-4600848c4978,2.2426503,0.0,0.0,0.0,2.236864,0.0,0.0,0.0,0.0,0.0,0.0,0.0,1.0,1,0.4054651081081644,4.479514,0
1f466bec-3db4-47ca-a973-4600848c4978,1.9412305,0.0,0.0,0.0,1.9341865,0.0,0.0,0.0,0.0031761273,0.0,0.0,0.0,1.0,2,0.2876820724517809,3.8785932,1
1f466bec-3db4-47ca-a973-4600848c4978,1.807706,0.15855937,0.0,0.19861741,1.7946787,0.13449055,0.0,0.17561117,0.04327762,0.020569658,0.0,0.020569658,1.0,3,0.22314355131420976,3.6456623,0
1f466bec-3db4-47ca-a973-4600848c4978,1.4930854,0.0,0.0,0.0,1.4851336,0.0,0.0,0.0,0.0038948844,0.0,0.0,0.0,0.6666667,4,0.18232155679395462,2.9821138,0
1f466bec-3db4-47ca-a973-4600848c4978,1.4635816,0.04955734,0.18529904,0.04955734,1.4619111,0.049763653,0.18502133,0.049763653,0.0,0.0,0.0,0.0,0.6666667,5,0.1541506798272583,2.9254928,3
1f466bec-3db4-47ca-a973-4600848c4978,1.3986526,0.09387285,0.0,0.09387285,1.3955971,0.09338523,0.0,0.09338523,0.0,0.0,0.0,0.0,0.6666667,6,0.13353139262452263,2.7942495,0
1f466bec-3db4-47ca-a973-4600848c4978,1.3666941,0.0,0.0,0.0,1.3646573,0.0,0.0,0.0,0.0,0.0,0.0,0.0,0.33333334,7,0.11778303565638346,2.7313514,0
1f466bec-3db4-47ca-a973-4600848c4978,1.1197647,0.0,0.0,0.0,1.1315355,0.0,0.0,0.0,0.0,0.0,0.0,0.0,0.5,8,0.1053605156578263,2.2513003,0
1f466bec-3db4-47ca-a973-4600848c4978,1.123891,0.2274304,0.0,0.32820022,1.121448,0.22680205,0.0,0.3272282,0.0,0.0,0.0,0.0,0.5,9,0.09531017980432487,2.245339,0
771ffdd3-2615-4c85-a77a-12532b8824cc,4.8116245,0.0,0.0,0.0,4.881727,0.0,0.0,0.0,0.0,0.0,0.0,0.0,1.0,0,0.6931471805599453,9.693352,3
771ffdd3-2615-4c85-a77a-12532b8824cc,2.5475554,0.0,0.0,0.0,2.4950707,0.0,0.0,0.0,0.026011663,0.0,0.0,0.0,0.4,1,0.4054651081081644,5.068638,0
771ffdd3-2615-4c85-a77a-12532b8824cc,2.101678,0.0,0.0,0.0,2.1506066,0.0,0.0,0.0,0.039382737,0.0,0.0,0.0,1.0,2,0.2876820724517809,4.2916675,0
771ffdd3-2615-4c85-a77a-12532b8824cc,1.4691375,0.0,0.0,0.0,1.5254524,0.0,0.0,0.0,0.0,0.0,0.0,0.0,0.6,3,0.22314355131420976,2.9945898,0
771ffdd3-2615-4c85-a77a-12532b8824cc,1.4327006,0.0,0.0,0.0,1.3024011,0.0,0.0,0.0,0.026011663,0.0,0.0,0.0,0.4,4,0.18232155679395462,2.7611134,0
771ffdd3-2615-4c85-a77a-12532b8824cc,1.4357789,0.0,0.0,0.0,1.2157626,0.0,0.0,0.0,0.025292905,0.0,0.0,0.0,0.4,5,0.1541506798272583,2.6768343,0
771ffdd3-2615-4c85-a77a-12532b8824cc,1.1566907,0.0,0.0,0.0,1.1570399,0.0,0.0,0.0,0.0,0.0,0.0,0.0,0.4,6,0.13353139262452263,2.3137307,0
771ffdd3-2615-4c85-a77a-12532b8824cc,1.0662754,0.0,0.0,0.0,1.0864623,0.0,0.0,0.0,0.0,0.0,0.0,0.0,0.4,7,0.11778303565638346,2.1527376,0
771ffdd3-2615-4c85-a77a-12532b8824cc,1.0952035,0.0,0.0,0.0,0.8765214,0.0,0.0,0.0,0.026011663,0.0,0.0,0.0,0.4,8,0.1053605156578263,1.9977366,1
771ffdd3-2615-4c85-a77a-12532b8824cc,0.862676,0.0,0.0,0.0,0.8626701,0.0,0.0,0.0,0.0,0.0,0.0,0.0,0.4,9,0.09531017980432487,1.7253461,0
b6379ada-d9ac-48be-8fc9-d068c441102f,2.9983468,0.0,0.022232248,0.022232248,2.998925,0.0,0.02134248,0.02134248,0.0,0.0,0.0,0.0,0.5,0,0.6931471805599453,5.9972715,0
b6379ada-d9ac-48be-8fc9-d068c441102f,2.7770061,0.0,0.0,0.0,2.7869768,0.0,0.0,0.0,0.0,0.0,0.0,0.0,0.5,1,0.4054651081081644,5.563983,3
b6379ada-d9ac-48be-8fc9-d068c441102f,2.5301554,0.06651486,0.0,0.28745896,2.5408576,0.06555437,0.0,0.2929372,0.0,0.0,0.0,0.0,0.8333334,2,0.2876820724517809,5.071013,0
b6379ada-d9ac-48be-8fc9-d068c441102f,2.3497312,0.0,0.0,0.0,2.35256,0.0,0.0,0.0,0.0,0.0,0.0,0.0,0.8333334,3,0.22314355131420976,4.7022915,0
b6379ada-d9ac-48be-8fc9-d068c441102f,1.9209645,0.0,0.0,0.0,1.8934331,0.0,0.0,0.0,0.026011663,0.0,0.0,0.0,0.33333334,4,0.18232155679395462,3.8404093,0
b6379ada-d9ac-48be-8fc9-d068c441102f,1.7383661,0.6865785,0.0,0.6865785,1.7361789,0.68501365,0.0,0.68501365,0.0,0.0,0.0,0.0,0.33333334,5,0.1541506798272583,3.474545,0
b6379ada-d9ac-48be-8fc9-d068c441102f,1.6360604,0.0,0.0,0.0,1.6377623,0.0,0.0,0.0,0.0,0.0,0.0,0.0,0.5,6,0.13353139262452263,3.2738228,0
b6379ada-d9ac-48be-8fc9-d068c441102f,1.6472906,0.0,0.0,0.0,1.5463151,0.0,0.0,0.0,0.03866398,0.0,0.0,0.0,0.16666667,7,0.11778303565638346,3.2322695,0
b6379ada-d9ac-48be-8fc9-d068c441102f,1.4638377,0.0,0.0,0.0,1.4770601,0.0,0.0,0.0,0.0,0.0,0.0,0.0,0.6666667,8,0.1053605156578263,2.940898,0
b6379ada-d9ac-48be-8fc9-d068c441102f,1.436123,0.0,0.0,0.0,1.4308507,0.0,0.0,0.0,0.026011663,0.0,0.0,0.0,0.6666667,9,0.09531017980432487,2.8929853,0
fc0000bb-525a-4cf6-ad42-7dcc254fbba8,3.1085906,0.0,0.0,0.0,3.1458151,0.0,0.0,0.0,0.0,0.0,0.0,0.0,0.8,0,0.6931471805599453,6.254406,0
fc0000bb-525a-4cf6-ad42-7dcc254fbba8,2.5475554,0.0,0.0,0.0,2.4950707,0.0,0.0,0.0,0.026011663,0.0,0.0,0.0,0.4,1,0.4054651081081644,5.068638,0
fc0000bb-525a-4cf6-ad42-7dcc254fbba8,1.7884532,0.0,0.0,0.0,1.8312162,0.0,0.0,0.0,0.0,0.0,0.0,0.0,0.6,2,0.2876820724517809,3.6196694,0
fc0000bb-525a-4cf6-ad42-7dcc254fbba8,1.3399832,0.0,0.0,0.0,1.3832448,0.0,0.0,0.0,0.0038948844,0.0,0.0,0.0,0.8,3,0.22314355131420976,2.7271228,0
fc0000bb-525a-4cf6-ad42-7dcc254fbba8,1.4094234,0.0,0.0,0.0,1.2804749,0.0,0.0,0.0,0.026011663,0.0,0.0,0.0,0.4,4,0.18232155679395462,2.71591,0
fc0000bb-525a-4cf6-ad42-7dcc254fbba8,1.1041316,0.0,0.0,0.0,1.1044219,0.0,0.0,0.0,0.0038948844,0.0,0.0,0.0,0.8,5,0.1541506798272583,2.2124484,0
fc0000bb-525a-4cf6-ad42-7dcc254fbba8,0.9120029,0.0,0.0,0.0,0.93670744,0.0,0.0,0.0,0.0038948844,0.0,0.0,0.0,0.4,6,0.13353139262452263,1.8526052,0
fc0000bb-525a-4cf6-ad42-7dcc254fbba8,0.8001575,0.0,0.0,0.0,0.82963353,0.0,0.0,0.0,0.0,0.0,0.0,0.0,0.4,7,0.11778303565638346,1.629791,0
fc0000bb-525a-4cf6-ad42-7dcc254fbba8,0.7715657,0.0,0.0,0.0,0.76992285,0.0,0.0,0.0,0.0,0.0,0.0,0.0,0.4,8,0.1053605156578263,1.5414885,0
fc0000bb-525a-4cf6-ad42-7dcc254fbba8,0.7099923,0.0,0.0,0.0,0.70915526,0.0,0.0,0.0,0.0,0.0,0.0,0.0,0.4,9,0.09531017980432487,1.4191475,0
3d4dd2a9-0294-463a-bbe1-bfc7dd2b59eb,6.441715,5.293709,3.5791843,5.293709,6.4378014,5.285126,3.5727985,5.285126,0.0,0.0,0.0,0.0,0.7857143,0,0.6931471805599453,12.879517,3
3d4dd2a9-0294-463a-bbe1-bfc7dd2b59eb,3.9572246,0.0,0.0,0.0,3.9518936,0.0,0.0,0.0,0.0,0.0,0.0,0.0,0.71428573,1,0.4054651081081644,7.909118,0
3d4dd2a9-0294-463a-bbe1-bfc7dd2b59eb,2.8453498,0.0,0.0,0.0,2.8379054,0.0,0.0,0.0,0.0,0.0,0.0,0.0,0.5,2,0.2876820724517809,5.683255,0
3d4dd2a9-0294-463a-bbe1-bfc7dd2b59eb,2.8284764,0.0,0.0,0.0,2.8307035,0.0,0.0,0.0,0.0,0.0,0.0,0.0,0.5714286,3,0.22314355131420976,5.6591797,0
3d4dd2a9-0294-463a-bbe1-bfc7dd2b59eb,2.7588878,0.0,0.0,0.0,2.7440603,0.0,0.0,0.0,0.0038948844,0.0,0.0,0.0,0.6428572,4,0.18232155679395462,5.506843,0
3d4dd2a9-0294-463a-bbe1-bfc7dd2b59eb,2.6566637,0.0,0.0,0.0,2.6519186,0.0,0.0,0.0,0.0038948844,0.0,0.0,0.0,0.8571429,5,0.1541506798272583,5.312477,0
3d4dd2a9-0294-463a-bbe1-bfc7dd2b59eb,2.5161433,0.0,0.0,0.0,2.5124876,0.0,0.0,0.0,0.0038948844,0.0,0.0,0.0,0.71428573,6,0.13353139262452263,5.032526,0
3d4dd2a9-0294-463a-bbe1-bfc7dd2b59eb,2.4034934,0.0,0.0,0.0,2.3997278,0.0,0.0,0.0,0.0,0.0,0.0,0.0,0.5,7,0.11778303565638346,4.803221,0
3d4dd2a9-0294-463a-bbe1-bfc7dd2b59eb,2.1981058,0.0,0.0,0.0,2.2039936,0.0,0.0,0.0,0.0,0.0,0.0,0.0,0.42857146,8,0.1053605156578263,4.4020996,0
3d4dd2a9-0294-463a-bbe1-bfc7dd2b59eb,2.062215,0.0,0.0,0.0,2.0498612,0.0,0.0,0.0,0.0038948844,0.0,0.0,0.0,0.5714286,9,0.09531017980432487,4.115971,0
f48fb837-4218-4886-9d27-5eed0fc5eb27,6.2543035,2.8660696,0.77725077,2.8660696,6.257687,2.8609424,0.77490103,2.8609424,0.0,0.0,0.0,0.0,0.6,0,0.6931471805599453,12.511991,3
f48fb837-4218-4886-9d27-5eed0fc5eb27,5.1880713,0.29590037,0.29590037,0.36362714,5.180579,0.29462022,0.29462022,0.36226568,0.0031761273,0.0,0.0,0.0,0.4,1,0.4054651081081644,10.371826,0
f48fb837-4218-4886-9d27-5eed0fc5eb27,4.669872,0.28092676,0.0,0.28092676,4.683519,0.2920695,0.0,0.2920695,0.0,0.0,0.0,0.0,0.7,2,0.2876820724517809,9.353391,0
f48fb837-4218-4886-9d27-5eed0fc5eb27,3.748293,0.06492307,0.0,0.06492307,3.9119196,0.13236001,0.0,0.13808234,0.0,0.0,0.0,0.0,0.5,3,0.22314355131420976,7.6602125,0
f48fb837-4218-4886-9d27-5eed0fc5eb27,3.3721845,0.0,0.3034304,0.0,3.374578,0.0,0.30202514,0.0,0.0038948844,0.0,0.0,0.0,0.6,4,0.18232155679395462,6.7506576,0
f48fb837-4218-4886-9d27-5eed0fc5eb27,3.0897262,0.0,0.0,0.0,3.1041465,0.0,0.0,0.0,0.0,0.0,0.0,0.0,0.7,5,0.1541506798272583,6.1938725,0
f48fb837-4218-4886-9d27-5eed0fc5eb27,2.9370947,0.0,0.0,0.0,2.9482913,0.0,0.0,0.0,0.0,0.0,0.0,0.0,0.4,6,0.13353139262452263,5.885386,0
f48fb837-4218-4886-9d27-5eed0fc5eb27,2.7343984,0.0,1.84527,0.0,2.7497244,0.0,1.8612823,0.0,0.0,0.0,0.0,0.0,0.2,7,0.11778303565638346,5.4841228,0
f48fb837-4218-4886-9d27-5eed0fc5eb27,2.668201,0.0,0.0,0.0,2.6614208,0.0,0.0,0.0,0.0038948844,0.0,0.0,0.0,0.90000004,8,0.1053605156578263,5.3335166,0
f48fb837-4218-4886-9d27-5eed0fc5eb27,2.168277,0.0,0.0,0.0,2.0931962,0.0,0.0,0.0,0.03866398,0.0,0.0,0.0,0.6,9,0.09531017980432487,4.300137,0
ed269f30-3aac-4202-bc39-2f51139f4fa2,2.5446293,0.0,0.0,0.0,2.537305,0.0,0.0,0.0,0.026011663,0.0,0.0,0.0,0.33333334,0,0.6931471805599453,5.107946,1
ed269f30-3aac-4202-bc39-2f51139f4fa2,2.2552173,0.0,0.0,0.0,2.2252007,0.0,0.0,0.0,0.026011663,0.0,0.0,0.0,0.33333334,1,0.4054651081081644,4.5064297,3
ed269f30-3aac-4202-bc39-2f51139f4fa2,1.8781823,0.0,0.0,0.0,1.8735688,0.0,0.0,0.0,0.0,0.0,0.0,0.0,1.0,2,0.2876820724517809,3.751751,0
ed269f30-3aac-4202-bc39-2f51139f4fa2,1.6832472,0.0,0.0,0.0,1.6982821,0.0,0.0,0.0,0.0,0.0,0.0,0.0,0.6666667,3,0.22314355131420976,3.3815293,0
ed269f30-3aac-4202-bc39-2f51139f4fa2,1.5269672,0.0,0.0,0.0,1.5230976,0.0,0.0,0.0,0.0,0.0,0.0,0.0,0.6666667,4,0.18232155679395462,3.0500648,0
ed269f30-3aac-4202-bc39-2f51139f4fa2,0.9204246,0.0,0.0,0.0,0.9167614,0.0,0.0,0.0,0.0,0.0,0.0,0.0,0.6666667,5,0.1541506798272583,1.837186,0
ed269f30-3aac-4202-bc39-2f51139f4fa2,0.7715657,0.0,0.0,0.0,0.76992285,0.0,0.0,0.0,0.0,0.0,0.0,0.0,0.33333334,6,0.13353139262452263,1.5414885,0
ed269f30-3aac-4202-bc39-2f51139f4fa2,0.53192323,0.0,0.0,0.0,0.5305183,0.0,0.0,0.0,0.0,0.0,0.0,0.0,0.33333334,7,0.11778303565638346,1.0624416,0
ed269f30-3aac-4202-bc39-2f51139f4fa2,0.5060228,0.0,0.0,0.0,0.5048045,0.0,0.0,0.0,0.0,0.0,0.0,0.0,0.33333334,8,0.1053605156578263,1.0108273,0
ed269f30-3aac-4202-bc39-2f51139f4fa2,0.450131,0.0,0.0,0.0,0.49056712,0.0,0.0,0.0,0.0,0.0,0.0,0.0,0.33333334,9,0.09531017980432487,0.94069815,0
2125e9c1-bdd8-4924-9ab3-38b490c3a938,4.51335,0.12991239,0.059797514,0.12991239,4.5199494,0.12905942,0.059065666,0.12905942,0.0,0.0,0.0,0.0,0.71428573,0,0.6931471805599453,9.033299,3
2125e9c1-bdd8-4924-9ab3-38b490c3a938,2.8156385,0.0,0.0,0.0,2.8102455,0.0,0.0,0.0,0.0,0.0,0.0,0.0,0.8571429,1,0.4054651081081644,5.625884,0
2125e9c1-bdd8-4924-9ab3-38b490c3a938,2.2546074,0.0,0.0,0.0,2.249429,0.0,0.0,0.0,0.0,0.0,0.0,0.0,0.42857146,2,0.2876820724517809,4.5040364,0
2125e9c1-bdd8-4924-9ab3-38b490c3a938,2.0296311,0.0,0.0,0.0,2.0238867,0.0,0.0,0.0,0.0,0.0,0.0,0.0,0.8571429,3,0.22314355131420976,4.053518,0
2125e9c1-bdd8-4924-9ab3-38b490c3a938,1.8892589,0.0,0.0,0.0,1.8605044,0.0,0.0,0.0,0.007900786,0.0,0.0,0.0,0.42857146,4,0.18232155679395462,3.757664,0
2125e9c1-bdd8-4924-9ab3-38b490c3a938,1.830984,0.0,0.0,0.0,1.8286743,0.0,0.0,0.0,0.0,0.0,0.0,0.0,0.2857143,5,0.1541506798272583,3.6596584,0
2125e9c1-bdd8-4924-9ab3-38b490c3a938,1.6248823,0.0,0.0,0.0,1.6212115,0.0,0.0,0.0,0.0,0.0,0.0,0.0,0.71428573,6,0.13353139262452263,3.2460938,0
2125e9c1-bdd8-4924-9ab3-38b490c3a938,1.5065813,0.0,0.0,0.0,1.5057434,0.0,0.0,0.0,0.007900786,0.0,0.0,0.0,0.5714286,7,0.11778303565638346,3.0202255,0
2125e9c1-bdd8-4924-9ab3-38b490c3a938,1.2602761,0.0,0.0,0.0,1.3259566,0.0,0.0,0.0,0.0,0.0,0.0,0.0,0.42857146,8,0.1053605156578263,2.5862327,0
2125e9c1-bdd8-4924-9ab3-38b490c3a938,1.2476678,0.0,0.0,0.0,1.2516437,0.0,0.0,0.0,0.007900786,0.0,0.0,0.0,0.42857146,9,0.09531017980432487,2.5072122,0
6efd58db-9a55-4fab-a54c-e63f0bc28a62,2.158264,0.0,0.0,0.0,2.1466818,0.0,0.0,0.0,0.023153363,0.010353533,0.0,0.010353533,1.0,0,0.6931471805599453,4.3280993,3
6efd58db-9a55-4fab-a54c-e63f0bc28a62,1.8037214,0.0,0.0,0.0,1.8000499,0.0,0.0,0.0,0.0,0.0,0.0,0.0,0.8,1,0.4054651081081644,3.6037712,0
6efd58db-9a55-4fab-a54c-e63f0bc28a62,1.7789106,0.0,0.0,0.0,1.7591757,0.0,0.0,0.0,0.019258479,0.0,0.0,0.0,0.6,2,0.2876820724517809,3.5573447,1
6efd58db-9a55-4fab-a54c-e63f0bc28a62,1.3841983,0.0,0.0,0.0,1.3466427,0.0,0.0,0.0,0.019258479,0.0,0.0,0.0,0.4,3,0.22314355131420976,2.7500994,0
6efd58db-9a55-4fab-a54c-e63f0bc28a62,1.3533306,0.0,0.0,0.0,1.3608288,0.0,0.0,0.0,0.0,0.0,0.0,0.0,0.6,4,0.18232155679395462,2.7141595,0
6efd58db-9a55-4fab-a54c-e63f0bc28a62,1.2537589,0.0,0.0,0.0,1.2601068,0.0,0.0,0.0,0.0,0.0,0.0,0.0,0.8,5,0.1541506798272583,2.5138657,0
6efd58db-9a55-4fab-a54c-e63f0bc28a62,1.2369168,0.0,0.0,0.0,1.2276826,0.0,0.0,0.0,0.0038948844,0.0,0.0,0.0,0.8,6,0.13353139262452263,2.4684942,0
6efd58db-9a55-4fab-a54c-e63f0bc28a62,1.2157017,0.0,0.0,0.0,1.2091256,0.0,0.0,0.0,0.0038948844,0.0,0.0,0.0,0.6,7,0.11778303565638346,2.4287221,0
6efd58db-9a55-4fab-a54c-e63f0bc28a62,1.1954291,0.0,0.0,0.0,1.2008489,0.0,0.0,0.0,0.0,0.0,0.0,0.0,0.6,8,0.1053605156578263,2.396278,0
6efd58db-9a55-4fab-a54c-e63f0bc28a62,1.1758533,0.0,0.0,0.0,1.1878966,0.0,0.0,0.0,0.0038948844,0.0,0.0,0.0,1.0,9,0.09531017980432487,2.3676448,0
d22c05ba-ffbf-477d-90ff-b41d1ae502c6,2.8860352,0.0,0.0,0.0,2.8924017,0.0,0.0,0.0,0.0,0.0,0.0,0.0,0.8,0,0.6931471805599453,5.7784367,0
d22c05ba-ffbf-477d-90ff-b41d1ae502c6,2.73579,0.0,0.0,0.0,2.7356,0.0,0.0,0.0,0.0,0.0,0.0,0.0,0.8,1,0.4054651081081644,5.47139,0
d22c05ba-ffbf-477d-90ff-b41d1ae502c6,2.1277893,0.0,0.0,0.0,2.1367724,0.0,0.0,0.0,0.0,0.0,0.0,0.0,0.8,2,0.2876820724517809,4.2645617,0
d22c05ba-ffbf-477d-90ff-b41d1ae502c6,2.0867605,0.0,0.0,0.0,1.9451541,0.0,0.0,0.0,0.07732796,0.037079442,0.0,0.037079442,0.6,3,0.22314355131420976,4.1092424,3
d22c05ba-ffbf-477d-90ff-b41d1ae502c6,1.5589508,0.0,0.0,0.0,1.5552044,0.0,0.0,0.0,0.0,0.0,0.0,0.0,0.8,4,0.18232155679395462,3.1141553,0
d22c05ba-ffbf-477d-90ff-b41d1ae502c6,1.4896045,0.0,0.0,0.0,1.4969329,0.0,0.0,0.0,0.0,0.0,0.0,0.0,0.8,5,0.1541506798272583,2.9865375,0
d22c05ba-ffbf-477d-90ff-b41d1ae502c6,1.4152133,0.0,0.0,0.0,1.4107089,0.0,0.0,0.0,0.0,0.0,0.0,0.0,1.0,6,0.13353139262452263,2.8259223,0
d22c05ba-ffbf-477d-90ff-b41d1ae502c6,1.3133204,0.0,0.0,0.0,1.3144113,0.0,0.0,0.0,0.0,0.0,0.0,0.0,0.6,7,0.11778303565638346,2.6277318,0
d22c05ba-ffbf-477d-90ff-b41d1ae502c6,1.2681906,0.0,0.0,0.0,1.2705402,0.0,0.0,0.0,0.0,0.0,0.0,0.0,0.6,8,0.1053605156578263,2.5387309,0
d22c05ba-ffbf-477d-90ff-b41d1ae502c6,0.97390056,0.0,0.0,0.0,0.9782181,0.0,0.0,0.0,0.0,0.0,0.0,0.0,0.4,9,0.09531017980432487,1.9521186,0
947b65a7-5ca4-4ce7-8759-ae77ca80c61b,4.1344686,0.0,0.0,0.0,4.1259885,0.0,0.0,0.0,0.0,0.0,0.0,0.0,0.6,0,0.6931471805599453,8.260457,3
947b65a7-5ca4-4ce7-8759-ae77ca80c61b,4.034343,1.4091285,0.0,1.4091285,4.028641,1.4063056,0.0,1.4063056,0.0,0.0,0.0,0.0,0.4,1,0.4054651081081644,8.062984,0
947b65a7-5ca4-4ce7-8759-ae77ca80c61b,3.842143,0.5487009,0.0,0.65155566,3.827408,0.5447098,0.0,0.6475122,0.0,0.0,0.0,0.0,0.90000004,2,0.2876820724517809,7.669551,0
947b65a7-5ca4-4ce7-8759-ae77ca80c61b,3.3525157,0.0,0.0,0.0,3.3443186,0.0,0.0,0.0,0.0,0.0,0.0,0.0,0.6,3,0.22314355131420976,6.6968346,0
947b65a7-5ca4-4ce7-8759-ae77ca80c61b,3.2863798,0.0,0.0,0.0,3.2783597,0.0,0.0,0.0,0.0,0.0,0.0,0.0,0.6,4,0.18232155679395462,6.564739,0
947b65a7-5ca4-4ce7-8759-ae77ca80c61b,2.9895577,0.0,0.0,0.0,3.0864258,0.0,0.0,0.0,0.0,0.0,0.0,0.0,0.2,5,0.1541506798272583,6.0759835,0
947b65a7-5ca4-4ce7-8759-ae77ca80c61b,2.9083257,0.0,0.0,0.0,2.9002776,0.0,0.0,0.0,0.0,0.0,0.0,0.0,0.5,6,0.13353139262452263,5.8086033,3
947b65a7-5ca4-4ce7-8759-ae77ca80c61b,2.7684817,0.0,0.0,0.0,2.7611537,0.0,0.0,0.0,0.0,0.0,0.0,0.0,0.6,7,0.11778303565638346,5.5296354,0
947b65a7-5ca4-4ce7-8759-ae77ca80c61b,2.522334,0.0,0.0,0.0,2.516656,0.0,0.0,0.0,0.0,0.0,0.0,0.0,0.4,8,0.1053605156578263,5.03899,0
947b65a7-5ca4-4ce7-8759-ae77ca80c61b,2.257099,0.0,0.0,0.0,2.2513015,0.0,0.0,0.0,0.0,0.0,0.0,0.0,0.5,9,0.09531017980432487,4.5084004,0
ab67e398-9221-4e0c-8f07-c39e0e70d51d,2.6854308,1.1251818,0.0,1.1644554,2.681263,1.1220448,0.0,1.1612811,0.0,0.0,0.0,0.0,0.5,0,0.6931471805599453,5.3666935,3
ab67e398-9221-4e0c-8f07-c39e0e70d51d,1.8315036,0.0,0.0,0.0,1.8292243,0.0,0.0,0.0,0.0,0.0,0.0,0.0,0.5,1,0.4054651081081644,3.660728,0
ab67e398-9221-4e0c-8f07-c39e0e70d51d,1.5606483,0.0,0.0,0.0,1.5552146,0.0,0.0,0.0,0.0,0.0,0.0,0.0,1.0,2,0.2876820724517809,3.1158628,0
ab67e398-9221-4e0c-8f07-c39e0e70d51d,1.5602599,0.0,0.0,0.0,1.5547339,0.0,0.0,0.0,0.0,0.0,0.0,0.0,1.0,3,0.22314355131420976,3.1149938,0
ab67e398-9221-4e0c-8f07-c39e0e70d51d,1.2658415,0.0,0.0,0.0,1.2620351,0.0,0.0,0.0,0.0,0.0,0.0,0.0,0.75,4,0.18232155679395462,2.5278766,0
ab67e398-9221-4e0c-8f07-c39e0e70d51d,1.1810393,0.12708543,0.0,0.12708543,1.1777217,0.12590005,0.0,0.12590005,0.0,0.0,0.0,0.0,0.75,5,0.1541506798272583,2.358761,0
ab67e398-9221-4e0c-8f07-c39e0e70d51d,1.1735225,0.0,0.0,0.0,1.1716928,0.0,0.0,0.0,0.0,0.0,0.0,0.0,0.25,6,0.13353139262452263,2.3452153,2
ab67e398-9221-4e0c-8f07-c39e0e70d51d,1.1168805,0.0,0.0,0.0,1.1140709,0.0,0.0,0.0,0.0,0.0,0.0,0.0,0.5,7,0.11778303565638346,2.2309513,0
ab67e398-9221-4e0c-8f07-c39e0e70d51d,1.059027,0.0,0.0,0.0,1.0570843,0.0,0.0,0.0,0.0,0.0,0.0,0.0,0.5,8,0.1053605156578263,2.1161113,0
ab67e398-9221-4e0c-8f07-c39e0e70d51d,0.96382844,0.0,0.0,0.0,0.96145743,0.0,0.0,0.0,0.0,0.0,0.0,0.0,0.5,9,0.09531017980432487,1.9252858,0
ccb086c7-e67a-4150-98e0-9f2029fdcbdf,2.3780878,0.0,0.0,0.0,2.3730803,0.0,0.0,0.0,0.0,0.0,0.0,0.0,0.6,0,0.6931471805599453,4.7511683,0
ccb086c7-e67a-4150-98e0-9f2029fdcbdf,2.1378217,0.0,0.0,0.0,2.1397414,0.0,0.0,0.0,0.0,0.0,0.0,0.0,0.8,1,0.4054651081081644,4.277563,0
ccb086c7-e67a-4150-98e0-9f2029fdcbdf,2.0807078,0.0,0.0,0.0,1.9758675,0.0,0.0,0.0,0.03866398,0.0,0.0,0.0,0.6,2,0.2876820724517809,4.095239,0
ccb086c7-e67a-4150-98e0-9f2029fdcbdf,1.8300227,0.0,0.0,0.0,1.8316531,0.0,0.0,0.0,0.0,0.0,0.0,0.0,1.0,3,0.22314355131420976,3.661676,0
ccb086c7-e67a-4150-98e0-9f2029fdcbdf,1.6024439,0.0,0.0,0.0,1.5991077,0.0,0.0,0.0,0.0,0.0,0.0,0.0,0.4,4,0.18232155679395462,3.2015517,0
ccb086c7-e67a-4150-98e0-9f2029fdcbdf,1.437903,0.0,0.0,0.0,1.4343439,0.0,0.0,0.0,0.0,0.0,0.0,0.0,0.4,5,0.1541506798272583,2.872247,0
ccb086c7-e67a-4150-98e0-9f2029fdcbdf,1.3913765,0.0,0.0,0.0,1.3944125,0.0,0.0,0.0,0.0,0.0,0.0,0.0,0.4,6,0.13353139262452263,2.785789,3
ccb086c7-e67a-4150-98e0-9f2029fdcbdf,1.3047568,0.0,0.0,0.0,1.30246,0.0,0.0,0.0,0.0,0.0,0.0,0.0,0.8,7,0.11778303565638346,2.6072168,0
ccb086c7-e67a-4150-98e0-9f2029fdcbdf,1.2568939,0.0,0.0,0.0,1.2577161,0.0,0.0,0.0,0.0,0.0,0.0,0.0,0.8,8,0.1053605156578263,2.5146098,0
ccb086c7-e67a-4150-98e0-9f2029fdcbdf,1.1931292,0.0,0.0,0.0,1.1912634,0.0,0.0,0.0,0.0,0.0,0.0,0.0,0.2,9,0.09531017980432487,2.3843927,0
6e27f346-5ecf-4389-bb54-e42b9fd07b72,2.8992496,0.0,0.0,0.0,2.9023123,0.0,0.0,0.0,0.0,0.0,0.0,0.0,1.0,0,0.6931471805599453,5.801562,0
6e27f346-5ecf-4389-bb54-e42b9fd07b72,2.607361,0.0,0.0,0.0,2.6014862,0.0,0.0,0.0,0.0,0.0,0.0,0.0,0.6666667,1,0.4054651081081644,5.208847,0
6e27f346-5ecf-4389-bb54-e42b9fd07b72,2.286474,0.0,0.0,0.0,2.2981362,0.0,0.0,0.0,0.0,0.0,0.0,0.0,0.5,2,0.2876820724517809,4.58461,0
6e27f346-5ecf-4389-bb54-e42b9fd07b72,1.9448292,0.40473387,0.0,0.40473387,1.9416503,0.40358347,0.0,0.40358347,0.0,0.0,0.0,0.0,0.5,3,0.22314355131420976,3.8864794,0
6e27f346-5ecf-4389-bb54-e42b9fd07b72,1.5962135,0.0,0.0,0.0,1.5938597,0.0,0.0,0.0,0.0,0.0,0.0,0.0,0.6666667,4,0.18232155679395462,3.190073,0
6e27f346-5ecf-4389-bb54-e42b9fd07b72,1.5852636,0.0,0.0,0.0,1.5937278,0.0,0.0,0.0,0.0,0.0,0.0,0.0,0.6666667,5,0.1541506798272583,3.1789913,1
6e27f346-5ecf-4389-bb54-e42b9fd07b72,1.4820081,0.0,0.0,0.0,1.4924128,0.0,0.0,0.0,0.0,0.0,0.0,0.0,0.6666667,6,0.13353139262452263,2.974421,0
6e27f346-5ecf-4389-bb54-e42b9fd07b72,1.4254773,0.0,0.0,0.0,1.4233195,0.0,0.0,0.0,0.0,0.0,0.0,0.0,0.16666667,7,0.11778303565638346,2.8487968,0
6e27f346-5ecf-4389-bb54-e42b9fd07b72,1.2252542,0.0,0.0,0.0,1.219116,0.0,0.0,0.0,0.0,0.0,0.0,0.0,0.6666667,8,0.1053605156578263,2.4443703,0
6e27f346-5ecf-4389-bb54-e42b9fd07b72,1.2026397,0.0,0.0,0.0,1.1984729,0.0,0.0,0.0,0.0,0.0,0.0,0.0,0.5,9,0.09531017980432487,2.4011126,0
12bcc64d-4af0-4fe1-bf81-fb3f9bf232cf,1.7521194,0.0,0.0,0.0,1.7302405,0.0,0.0,0.0,0.039382737,0.0,0.0,0.0,0.16666667,0,0.6931471805599453,3.5217426,0
12bcc64d-4af0-4fe1-bf81-fb3f9bf232cf,1.5537442,0.0,0.0,0.0,1.5515709,0.0,0.0,0.0,0.0,0.0,0.0,0.0,0.8333334,1,0.4054651081081644,3.1053152,0
12bcc64d-4af0-4fe1-bf81-fb3f9bf232cf,1.5006703,0.0,0.0,0.0,1.501574,0.0,0.0,0.0,0.0,0.0,0.0,0.0,0.5,2,0.2876820724517809,3.0022445,0
12bcc64d-4af0-4fe1-bf81-fb3f9bf232cf,1.4910191,0.0,0.0,0.0,1.4858929,0.0,0.0,0.0,0.0,0.0,0.0,0.0,0.6666667,3,0.22314355131420976,2.976912,0
12bcc64d-4af0-4fe1-bf81-fb3f9bf232cf,1.3083067,0.0,0.0,0.0,1.304843,0.0,0.0,0.0,0.0,0.0,0.0,0.0,0.6666667,4,0.18232155679395462,2.6131496,0
12bcc64d-4af0-4fe1-bf81-fb3f9bf232cf,1.3051662,0.0,0.0,0.0,1.3007901,0.0,0.0,0.0,0.0,0.0,0.0,0.0,0.5,5,0.1541506798272583,2.6059563,0
12bcc64d-4af0-4fe1-bf81-fb3f9bf232cf,1.2534604,0.0,0.0,0.0,1.2699006,0.0,0.0,0.0,0.0,0.0,0.0,0.0,0.33333334,6,0.13353139262452263,2.523361,0
12bcc64d-4af0-4fe1-bf81-fb3f9bf232cf,1.1771677,0.0,0.0,0.0,1.1772237,0.0,0.0,0.0,0.0,0.0,0.0,0.0,0.5,7,0.11778303565638346,2.3543913,0
12bcc64d-4af0-4fe1-bf81-fb3f9bf232cf,1.1048553,0.0,0.0,0.0,1.1015532,0.0,0.0,0.0,0.0,0.0,0.0,0.0,0.6666667,8,0.1053605156578263,2.2064085,0
12bcc64d-4af0-4fe1-bf81-fb3f9bf232cf,1.0969032,0.0,0.0,0.0,1.0973296,0.0,0.0,0.0,0.0,0.0,0.0,0.0,0.33333334,9,0.09531017980432487,2.194233,0
9df7b14a-38a6-42e5-96d7-c173b38b4524,3.5000398,0.0,0.0,0.0,3.5081282,0.0,0.0,0.0,0.0,0.0,0.0,0.0,0.8,0,0.6931471805599453,7.008168,0
9df7b14a-38a6-42e5-96d7-c173b38b4524,2.2278295,0.0,0.0,0.0,2.2237046,0.0,0.0,0.0,0.0,0.0,0.0,0.0,0.6,1,0.4054651081081644,4.4515343,0
9df7b14a-38a6-42e5-96d7-c173b38b4524,2.1329596,0.0,0.0,0.0,2.140586,0.0,0.0,0.0,0.0,0.0,0.0,0.0,0.8,2,0.2876820724517809,4.2735453,3
9df7b14a-38a6-42e5-96d7-c173b38b4524,2.0674396,0.0,0.0,0.0,2.0634727,0.0,0.0,0.0,0.0,0.0,0.0,0.0,0.4,3,0.22314355131420976,4.1309123,0
9df7b14a-38a6-42e5-96d7-c173b38b4524,1.769021,0.0,0.0,0.0,1.7652392,0.0,0.0,0.0,0.0,0.0,0.0,0.0,0.4,4,0.18232155679395462,3.5342603,0
9df7b14a-38a6-42e5-96d7-c173b38b4524,1.5308032,0.0,0.0,0.0,1.5411602,0.0,0.0,0.0,0.0,0.0,0.0,0.0,0.6,5,0.1541506798272583,3.0719633,0
9df7b14a-38a6-42e5-96d7-c173b38b4524,1.4987133,0.0,0.0,0.0,1.4949312,0.0,0.0,0.0,0.0,0.0,0.0,0.0,0.4,6,0.13353139262452263,2.9936445,0
9df7b14a-38a6-42e5-96d7-c173b38b4524,1.3684523,0.0,0.0,0.0,1.3652565,0.0,0.0,0.0,0.0,0.0,0.0,0.0,0.4,7,0.11778303565638346,2.7337089,0
9df7b14a-38a6-42e5-96d7-c173b38b4524,1.3347114,0.0,0.0,0.0,1.3462975,0.0,0.0,0.0,0.0,0.0,0.0,0.0,0.6,8,0.1053605156578263,2.6810088,1
9df7b14a-38a6-42e5-96d7-c173b38b4524,1.2363648,0.0,0.0,0.0,1.2437303,0.0,0.0,0.0,0.0,0.0,0.0,0.0,0.6,9,0.09531017980432487,2.4800951,0
